  1.7000000e-001  3.4117138e+000  3.4900000e+000
  2.8000000e-001  7.3266899e+000  3.3100000e+000
  4.5000000e-001  1.3179955e+001  4.1700000e+000
  5.5000000e-001  1.6294124e+001  4.6900000e+000
  6.9000000e-001  2.0653959e+001  4.9200000e+000
  8.9000000e-001  2.6882362e+001  4.5500000e+000
  8.9000000e-001  2.6882362e+001  4.8000000e+000
  1.0900000e+000  3.3110786e+001  4.5900000e+000
  1.1800000e+000  3.5913586e+001  4.5500000e+000
  1.2800000e+000  3.9027807e+001  4.7200000e+000
  1.3900000e+000  4.2453430e+001  4.3600000e+000
  1.5000000e+000  4.5879053e+001  4.4600000e+000
  1.6100000e+000  4.9304664e+001  4.6300000e+000
  1.8500000e+000  5.6778668e+001  4.4700000e+000
  1.9400000e+000  5.9581445e+001  4.4500000e+000
  2.1700000e+000  6.6793555e+001  4.5400000e+000
  2.3100000e+000  7.2358855e+001  4.5700000e+000
  2.4300000e+000  7.7239959e+001  4.2700000e+000
  2.4900000e+000  7.9680450e+001  4.1400000e+000
  2.5600000e+000  8.2527649e+001  4.1000000e+000
  2.7100000e+000  8.8628797e+001  4.3200000e+000
  2.7500000e+000  9.0255831e+001  3.9500000e+000
  2.8000000e+000  9.2289625e+001  3.8300000e+000
  2.8900000e+000  9.5950453e+001  4.0000000e+000
  2.9200000e+000  9.7170730e+001  3.9000000e+000
  2.9200000e+000  9.7170730e+001  3.9600000e+000
  2.9600000e+000  9.8797764e+001  3.7100000e+000
  3.0600000e+000  1.0209728e+002  3.8500000e+000
  3.0600000e+000  1.0209728e+002  3.8400000e+000
  3.1500000e+000  1.0490016e+002  4.0000000e+000
  3.2400000e+000  1.0770303e+002  3.9500000e+000
  3.3300000e+000  1.1044829e+002  3.9100000e+000
  3.3300000e+000  1.1044829e+002  3.7300000e+000
  3.4400000e+000  1.1371090e+002  3.7000000e+000
  3.4400000e+000  1.1371090e+002  3.7900000e+000
  3.5500000e+000  1.1692622e+002  3.7800000e+000
  3.6600000e+000  1.2005780e+002  3.3000000e+000
  3.7700000e+000  1.2305258e+002  3.2300000e+000
  3.8800000e+000  1.2598892e+002  3.1500000e+000
  3.9800000e+000  1.2865833e+002  3.2700000e+000
  4.0800000e+000  1.3132773e+002  4.1300000e+000
  4.1800000e+000  1.3399714e+002  4.4200000e+000
  4.2800000e+000  1.3666654e+002  4.8500000e+000
  4.3700000e+000  1.3906900e+002  4.7500000e+000
  4.3700000e+000  1.3906900e+002  4.8400000e+000
  4.4700000e+000  1.4173809e+002  4.9800000e+000
  4.5600000e+000  1.4413994e+002  4.7000000e+000
  4.6700000e+000  1.4707622e+002  4.7400000e+000
  4.7700000e+000  1.4974562e+002  4.7600000e+000
  4.8800000e+000  1.5268197e+002  4.6700000e+000
  4.9800000e+000  1.5535137e+002  4.3800000e+000
  5.0800000e+000  1.5802078e+002  4.7200000e+000
  5.1800000e+000  1.6069018e+002  4.5700000e+000
  5.2800000e+000  1.6335959e+002  4.8100000e+000
  5.3800000e+000  1.6602899e+002  4.5200000e+000
  5.3800000e+000  1.6602899e+002  4.4600000e+000
  5.4800000e+000  1.6869816e+002  4.2100000e+000
  5.5800000e+000  1.7136688e+002  4.2600000e+000
  5.5800000e+000  1.7136688e+002  4.5400000e+000
  5.6800000e+000  1.7403620e+002  3.9800000e+000
  5.7800000e+000  1.7670561e+002  4.3800000e+000
  5.8900000e+000  1.7964195e+002  4.3900000e+000
  5.8900000e+000  1.7964195e+002  4.2100000e+000
  5.9900000e+000  1.8231136e+002  4.1600000e+000
  6.0800000e+000  1.8471382e+002  4.4600000e+000
  6.1800000e+000  1.8738323e+002  4.3500000e+000
  6.2800000e+000  1.9005263e+002  4.4900000e+000
  6.2800000e+000  1.9005263e+002  4.4100000e+000
  6.3800000e+000  1.9272203e+002  4.1000000e+000
  6.3800000e+000  1.9272203e+002  4.2400000e+000
  6.4700000e+000  1.9512449e+002  3.9700000e+000
  6.4700000e+000  1.9512449e+002  3.8000000e+000
  6.5700000e+000  1.9779321e+002  3.9100000e+000
  6.6700000e+000  2.0056029e+002  3.6600000e+000
  6.6700000e+000  2.0056029e+002  3.7500000e+000
  6.7700000e+000  2.0340757e+002  3.6100000e+000
  6.7700000e+000  2.0340757e+002  3.6600000e+000
  6.8800000e+000  2.0653972e+002  3.7600000e+000
  6.8800000e+000  2.0653972e+002  3.5600000e+000
  6.8800000e+000  2.0653972e+002  3.8400000e+000
  6.9800000e+000  2.0938716e+002  3.8900000e+000
  7.0800000e+000  2.1223445e+002  3.6100000e+000
  7.1800000e+000  2.1508176e+002  3.6400000e+000
  7.2800000e+000  2.1792920e+002  3.9700000e+000
  7.3700000e+000  2.2052093e+002  4.0500000e+000
  7.4700000e+000  2.2348648e+002  4.2500000e+000
  7.4700000e+000  2.2348648e+002  3.8900000e+000
  7.5600000e+000  2.2615547e+002  4.3100000e+000
  7.5600000e+000  2.2615547e+002  4.2200000e+000
  7.5700000e+000  2.2646011e+002  4.3900000e+000
  7.6600000e+000  2.2926298e+002  3.9700000e+000
  7.7800000e+000  2.3300015e+002  4.0300000e+000
  7.9100000e+000  2.3728547e+002  3.5100000e+000
  8.0300000e+000  2.4155648e+002  3.7600000e+000
  8.1300000e+000  2.4511573e+002  4.0600000e+000
  8.2400000e+000  2.4902986e+002  4.5100000e+000
  8.3500000e+000  2.5294498e+002  4.2500000e+000
  8.4900000e+000  2.5792784e+002  4.3500000e+000
  8.4900000e+000  2.5792784e+002  4.2900000e+000
  8.6100000e+000  2.6219890e+002  4.4300000e+000
  8.6100000e+000  2.6219890e+002  4.2400000e+000
  8.7100000e+000  2.6575810e+002  4.4200000e+000
  8.7100000e+000  2.6575810e+002  4.4400000e+000
  8.7900000e+000  2.6860550e+002  4.3200000e+000
  8.8900000e+000  2.7216473e+002  4.5000000e+000
  8.9500000e+000  2.7429936e+002  4.4900000e+000
  9.0500000e+000  2.7785840e+002  4.3300000e+000
  9.1600000e+000  2.8177358e+002  4.0900000e+000
  9.1600000e+000  2.8177358e+002  3.8900000e+000
  9.2700000e+000  2.8568864e+002  4.0000000e+000
  9.2700000e+000  2.8568864e+002  3.7900000e+000
  9.3700000e+000  2.8924787e+002  4.1300000e+000
  9.4800000e+000  2.9316302e+002  4.0600000e+000
  9.6000000e+000  2.9743410e+002  4.1300000e+000
  9.7200000e+000  3.0170402e+002  3.7200000e+000
  9.8200000e+000  3.0526336e+002  3.7500000e+000
  9.9000000e+000  3.0779557e+002  3.5300000e+000
  9.9000000e+000  3.0779557e+002  3.8600000e+000
  9.9600000e+000  3.0966428e+002  3.8500000e+000
  9.9600000e+000  3.0966428e+002  3.8600000e+000
  9.9600000e+000  3.0966428e+002  3.7900000e+000
  1.0030000e+001  3.1184444e+002  3.6500000e+000
  1.0120000e+001  3.1464751e+002  3.5400000e+000
  1.0260000e+001  3.1900754e+002  3.4400000e+000
  1.0260000e+001  3.1900754e+002  3.4200000e+000
  1.0410000e+001  3.2367900e+002  3.2100000e+000
  1.0520000e+001  3.2710437e+002  3.2500000e+000
  1.0520000e+001  3.2710437e+002  3.3200000e+000
  1.0590000e+001  3.2928414e+002  3.3800000e+000
  1.0590000e+001  3.2928414e+002  3.2800000e+000
  1.0750000e+001  3.3426664e+002  3.7000000e+000
  1.0900000e+001  3.3893810e+002  4.0600000e+000
  1.0900000e+001  3.3893810e+002  4.2400000e+000
  1.1050000e+001  3.4384110e+002  4.5800000e+000
  1.1170000e+001  3.4811303e+002  4.6200000e+000
  1.1190000e+001  3.4882443e+002  4.6400000e+000
  1.1190000e+001  3.4882443e+002  4.7000000e+000
  1.1250000e+001  3.5095878e+002  4.7200000e+000
  1.1370000e+001  3.5522819e+002  4.3400000e+000
  1.1370000e+001  3.5522819e+002  4.4700000e+000
  1.1400000e+001  3.5629668e+002  4.3000000e+000
  1.1400000e+001  3.5629668e+002  4.0900000e+000
  1.1460000e+001  3.5843367e+002  4.5700000e+000
  1.1470000e+001  3.5878984e+002  4.4000000e+000
  1.1580000e+001  3.6270408e+002  4.5900000e+000
  1.1580000e+001  3.6270408e+002  4.2000000e+000
  1.1720000e+001  3.6768682e+002  4.3300000e+000
  1.1720000e+001  3.6768682e+002  4.3200000e+000
  1.1820000e+001  3.7124490e+002  3.9300000e+000
  1.1820000e+001  3.7124490e+002  4.1800000e+000
  1.1920000e+001  3.7480567e+002  4.4000000e+000
  1.1920000e+001  3.7480567e+002  3.9300000e+000
  1.2030000e+001  3.7871979e+002  4.0400000e+000
  1.2120000e+001  3.8192171e+002  4.1200000e+000
  1.2120000e+001  3.8192171e+002  4.0700000e+000
  1.2220000e+001  3.8548172e+002  4.0900000e+000
  1.2220000e+001  3.8548172e+002  3.9500000e+000
  1.2320000e+001  3.8904144e+002  4.0700000e+000
  1.2320000e+001  3.8904144e+002  3.9700000e+000
  1.2520000e+001  3.9665465e+002  4.0200000e+000
  1.2520000e+001  3.9665465e+002  3.9200000e+000
  1.2620000e+001  4.0072192e+002  3.3500000e+000
  1.2620000e+001  4.0072192e+002  3.1100000e+000
  1.2720000e+001  4.0478969e+002  3.2200000e+000
  1.2720000e+001  4.0478969e+002  3.0700000e+000
  1.3060000e+001  4.1862096e+002  3.5200000e+000
  1.3280000e+001  4.2756859e+002  4.8300000e+000
  1.3580000e+001  4.3976974e+002  4.8600000e+000
  1.3640000e+001  4.4221010e+002  5.0500000e+000
  1.3690000e+001  4.4424374e+002  4.7500000e+000
  1.3690000e+001  4.4424374e+002  4.8800000e+000
  1.3810000e+001  4.4857232e+002  5.0700000e+000
  1.3880000e+001  4.5106190e+002  4.6600000e+000
  1.3950000e+001  4.5355505e+002  4.5400000e+000
  1.4030000e+001  4.5639981e+002  4.5100000e+000
  1.4140000e+001  4.6031405e+002  4.6400000e+000
  1.4140000e+001  4.6031405e+002  4.5900000e+000
  1.4360000e+001  4.6814611e+002  4.5100000e+000
  1.4440000e+001  4.7095294e+002  4.2600000e+000
  1.4530000e+001  4.7375582e+002  4.2700000e+000
  1.4640000e+001  4.7718156e+002  4.0600000e+000
  1.4750000e+001  4.8060720e+002  4.4300000e+000
  1.4870000e+001  4.8434396e+002  3.8200000e+000
  1.4980000e+001  4.8776932e+002  3.5900000e+000
  1.4980000e+001  4.8776932e+002  3.8800000e+000
  1.4980000e+001  4.8776932e+002  3.7300000e+000
  1.5180000e+001  4.9399780e+002  3.6200000e+000
  1.5270000e+001  4.9680068e+002  3.5900000e+000
  1.5370000e+001  4.9991498e+002  3.7800000e+000
  1.5370000e+001  4.9991498e+002  3.8300000e+000
  1.5470000e+001  5.0302929e+002  3.8500000e+000
  1.5470000e+001  5.0302929e+002  3.8900000e+000
  1.5570000e+001  5.0614359e+002  4.0100000e+000
  1.5670000e+001  5.0956959e+002  3.7900000e+000
  1.5670000e+001  5.0956959e+002  3.9600000e+000
  1.5770000e+001  5.1312767e+002  4.3600000e+000
  1.5870000e+001  5.1694617e+002  4.1100000e+000
  1.5970000e+001  5.2101344e+002  4.1300000e+000
  1.6070000e+001  5.2508070e+002  3.9700000e+000
  1.6170000e+001  5.2914760e+002  4.0100000e+000
  1.6370000e+001  5.3728213e+002  4.3600000e+000
  1.6470000e+001  5.4135099e+002  4.1700000e+000
  1.6570000e+001  5.4541985e+002  4.3100000e+000
  1.6670000e+001  5.4948737e+002  4.5800000e+000
  1.6670000e+001  5.4948737e+002  4.4500000e+000
  1.6770000e+001  5.5355464e+002  4.2300000e+000
  1.6870000e+001  5.5747982e+002  4.4000000e+000
  1.6870000e+001  5.5747982e+002  4.2300000e+000
  1.6970000e+001  5.6103690e+002  4.0700000e+000
  1.7070000e+001  5.6459499e+002  4.0900000e+000
  1.7170000e+001  5.6815663e+002  3.7900000e+000
  1.7370000e+001  5.7454809e+002  3.4200000e+000
  1.7470000e+001  5.7766239e+002  3.5500000e+000
  1.7470000e+001  5.7766239e+002  3.7000000e+000
  1.7470000e+001  5.7766239e+002  3.6200000e+000
  1.7570000e+001  5.8077646e+002  3.8700000e+000
  1.7670000e+001  5.8389042e+002  4.2200000e+000
  1.7770000e+001  5.8700438e+002  4.0300000e+000
  1.7870000e+001  5.9011862e+002  4.0300000e+000
  1.7970000e+001  5.9323292e+002  3.8800000e+000
  1.8070000e+001  5.9634723e+002  3.5600000e+000
  1.8170000e+001  6.0009843e+002  4.1200000e+000
  1.8270000e+001  6.0416570e+002  4.1100000e+000
  1.8370000e+001  6.0823296e+002  3.8500000e+000
  1.8470000e+001  6.1249182e+002  3.5000000e+000
  1.8570000e+001  6.1676297e+002  3.0800000e+000
  1.8670000e+001  6.2103460e+002  4.5700000e+000
  1.8870000e+001  6.2957786e+002  5.1000000e+000
  1.8970000e+001  6.3384816e+002  4.8800000e+000
  1.9030000e+001  6.3640941e+002  4.8300000e+000
  1.9070000e+001  6.3811691e+002  4.6500000e+000
  1.9150000e+001  6.4153316e+002  4.8300000e+000
  1.9270000e+001  6.4665912e+002  4.7800000e+000
  1.9380000e+001  6.5135791e+002  4.6600000e+000
  1.9480000e+001  6.5562955e+002  4.4500000e+000
  1.9570000e+001  6.5947401e+002  4.5200000e+000
  1.9660000e+001  6.6330681e+002  4.6000000e+000
  1.9750000e+001  6.6696700e+002  4.5200000e+000
  1.9750000e+001  6.6696700e+002  4.3700000e+000
  1.9850000e+001  6.7103387e+002  4.4000000e+000
  1.9950000e+001  6.7488300e+002  4.3300000e+000
  2.0060000e+001  6.7830874e+002  4.2200000e+000
  2.0170000e+001  6.8173447e+002  4.3100000e+000
  2.0280000e+001  6.8516007e+002  3.9900000e+000
  2.0380000e+001  6.8827403e+002  3.8800000e+000
  2.0470000e+001  6.9107660e+002  3.7200000e+000
  2.0550000e+001  6.9356783e+002  3.6600000e+000
  2.0630000e+001  6.9605928e+002  3.5100000e+000
  2.0700000e+001  6.9823929e+002  3.8400000e+000
  2.0710000e+001  6.9855072e+002  3.8500000e+000
  2.0780000e+001  7.0073073e+002  3.6800000e+000
  2.0850000e+001  7.0302846e+002  4.0500000e+000
  2.0850000e+001  7.0302846e+002  3.8600000e+000
  2.0920000e+001  7.0564101e+002  4.1500000e+000
  2.1000000e+001  7.0889482e+002  4.3400000e+000
  2.1160000e+001  7.1540255e+002  4.3300000e+000
  2.1230000e+001  7.1825047e+002  4.3700000e+000
  2.1240000e+001  7.1865732e+002  4.3800000e+000
  2.1330000e+001  7.2231894e+002  4.3600000e+000
  2.1330000e+001  7.2231894e+002  4.3800000e+000
  2.1410000e+001  7.2556080e+002  4.2400000e+000
  2.1420000e+001  7.2591599e+002  4.0600000e+000
  2.1500000e+001  7.2876296e+002  4.2600000e+000
  2.1590000e+001  7.3196490e+002  4.2200000e+000
  2.1670000e+001  7.3486243e+002  4.1700000e+000
  2.1750000e+001  7.3827930e+002  4.1400000e+000
  2.1750000e+001  7.3827930e+002  4.0700000e+000
  2.1840000e+001  7.4212328e+002  4.1700000e+000
  2.1840000e+001  7.4212328e+002  4.2600000e+000
  2.1930000e+001  7.4636589e+002  4.3600000e+000
  2.1930000e+001  7.4636589e+002  4.3200000e+000
  2.2030000e+001  7.5155114e+002  4.1800000e+000
  2.2130000e+001  7.5706124e+002  4.2500000e+000
  2.2130000e+001  7.5706124e+002  3.8100000e+000
  2.2240000e+001  7.6358470e+002  3.7600000e+000
  2.2240000e+001  7.6358470e+002  3.8800000e+000
  2.2350000e+001  7.6993534e+002  3.6400000e+000
  2.2460000e+001  7.7521969e+002  3.6700000e+000
  2.2460000e+001  7.7521969e+002  3.4400000e+000
  2.2570000e+001  7.7984562e+002  3.5100000e+000
  2.2670000e+001  7.8340370e+002  3.5600000e+000
  2.2760000e+001  7.8660562e+002  3.9700000e+000
  2.2850000e+001  7.9019774e+002  3.9900000e+000
  2.2940000e+001  7.9404172e+002  4.6200000e+000
  2.3030000e+001  7.9813141e+002  4.3600000e+000
  2.3120000e+001  8.0259462e+002  4.3100000e+000
  2.3220000e+001  8.0793275e+002  4.1000000e+000
  2.3220000e+001  8.0793275e+002  4.0300000e+000
  2.3340000e+001  8.1434027e+002  4.1200000e+000
  2.3340000e+001  8.1434027e+002  4.0300000e+000
  2.3470000e+001  8.2074300e+002  3.9200000e+000
  2.3470000e+001  8.2074300e+002  3.8200000e+000
  2.3610000e+001  8.2702905e+002  3.7600000e+000
  2.3610000e+001  8.2702905e+002  3.7800000e+000
  2.3750000e+001  8.3305475e+002  3.8500000e+000
  2.3750000e+001  8.3305475e+002  3.7200000e+000
  2.3880000e+001  8.3801823e+002  3.8700000e+000
  2.3880000e+001  8.3801823e+002  3.7600000e+000
  2.3990000e+001  8.4128009e+002  3.5000000e+000
  2.4100000e+001  8.4446454e+002  3.5200000e+000
  2.4200000e+001  8.4713326e+002  3.7600000e+000
  2.4300000e+001  8.4980252e+002  3.5200000e+000
  2.4300000e+001  8.4980252e+002  3.6200000e+000
  2.4300000e+001  8.4980252e+002  3.3300000e+000
  2.4400000e+001  8.5253239e+002  3.6700000e+000
  2.4400000e+001  8.5253239e+002  3.4000000e+000
  2.4500000e+001  8.5538014e+002  3.8100000e+000
  2.4610000e+001  8.5917035e+002  3.6800000e+000
  2.4610000e+001  8.5917035e+002  3.8600000e+000
  2.4720000e+001  8.6406426e+002  3.5500000e+000
  2.4840000e+001  8.7057992e+002  4.6200000e+000
  2.4840000e+001  8.7057992e+002  4.5300000e+000
  2.4950000e+001  8.7710697e+002  4.6100000e+000
  2.5060000e+001  8.8363069e+002  4.5800000e+000
  2.5140000e+001  8.8829337e+002  4.3900000e+000
  2.5170000e+001  8.8971673e+002  4.3900000e+000
  2.5270000e+001  8.9413833e+002  4.3000000e+000
  2.5370000e+001  8.9769775e+002  4.6700000e+000
  2.5370000e+001  8.9769775e+002  4.4500000e+000
  2.5420000e+001  8.9933666e+002  4.3300000e+000
  2.5460000e+001  9.0058239e+002  4.4800000e+000
  2.5520000e+001  9.0245097e+002  4.1500000e+000
  2.5620000e+001  9.0556527e+002  4.2500000e+000
  2.5710000e+001  9.0836815e+002  4.1900000e+000
  2.5830000e+001  9.1210531e+002  4.0600000e+000
  2.5920000e+001  9.1490819e+002  4.1300000e+000
  2.6020000e+001  9.1802233e+002  4.1700000e+000
  2.6120000e+001  9.2113630e+002  4.3100000e+000
  2.6220000e+001  9.2425026e+002  4.2800000e+000
  2.6320000e+001  9.2760866e+002  4.2700000e+000
  2.6520000e+001  9.3527871e+002  4.0200000e+000
  2.6620000e+001  9.3934757e+002  3.7800000e+000
  2.6740000e+001  9.4422875e+002  3.7700000e+000
  2.6760000e+001  9.4504213e+002  4.1400000e+000
  2.6810000e+001  9.4707556e+002  3.5000000e+000
  2.6860000e+001  9.4910900e+002  3.5000000e+000
  2.6960000e+001  9.5298376e+002  3.5400000e+000
  2.7060000e+001  9.5594909e+002  3.4000000e+000
  2.7260000e+001  9.6139639e+002  4.0200000e+000
  2.7260000e+001  9.6139639e+002  3.9000000e+000
  2.7360000e+001  9.6398230e+002  4.2700000e+000
  2.7460000e+001  9.6669772e+002  4.3400000e+000
  2.7560000e+001  9.6954548e+002  4.1700000e+000
  2.7660000e+001  9.7244441e+002  3.8700000e+000
  2.7760000e+001  9.7541063e+002  3.7100000e+000
  2.7860000e+001  9.7851801e+002  3.7600000e+000
  2.7960000e+001  9.8252225e+002  4.0600000e+000
  2.8060000e+001  9.8659111e+002  4.1500000e+000
  2.8150000e+001  9.9025273e+002  3.8700000e+000
  2.8260000e+001  9.9472672e+002  3.9000000e+000
  2.8370000e+001  9.9920072e+002  3.9600000e+000
  2.8470000e+001  1.0032673e+003  4.0900000e+000
  2.8560000e+001  1.0069271e+003  4.2800000e+000
  2.8660000e+001  1.0109938e+003  4.0400000e+000
  2.8750000e+001  1.0146543e+003  3.8900000e+000
  2.8850000e+001  1.0187216e+003  3.6900000e+000
  2.8960000e+001  1.0231966e+003  3.6700000e+000
  2.9060000e+001  1.0272655e+003  3.8800000e+000
  2.9160000e+001  1.0313342e+003  3.9200000e+000
  2.9250000e+001  1.0349947e+003  4.3100000e+000
  2.9360000e+001  1.0394687e+003  4.4300000e+000
  2.9530000e+001  1.0463831e+003  4.1800000e+000
  2.9560000e+001  1.0476033e+003  4.1900000e+000
  2.9680000e+001  1.0524840e+003  4.0700000e+000
  2.9790000e+001  1.0569580e+003  3.9700000e+000
  2.9890000e+001  1.0610252e+003  3.6500000e+000
  2.9990000e+001  1.0650936e+003  3.5000000e+000
  3.0100000e+001  1.0695694e+003  3.2700000e+000
  3.0100000e+001  1.0695694e+003  3.0600000e+000
  3.0210000e+001  1.0740446e+003  3.3800000e+000
  3.0210000e+001  1.0740446e+003  3.2200000e+000
  3.0310000e+001  1.0781118e+003  3.6200000e+000
  3.0400000e+001  1.0817724e+003  3.7600000e+000
  3.0400000e+001  1.0817724e+003  3.6500000e+000
  3.0470000e+001  1.0846194e+003  3.7500000e+000
  3.0550000e+001  1.0878733e+003  4.0800000e+000
  3.0550000e+001  1.0878733e+003  3.8900000e+000
  3.0650000e+001  1.0919405e+003  3.6600000e+000
  3.0650000e+001  1.0919405e+003  3.9800000e+000
  3.0770000e+001  1.0968212e+003  4.2600000e+000
  3.0770000e+001  1.0968212e+003  4.1900000e+000
  3.0900000e+001  1.1021087e+003  4.0600000e+000
  3.0900000e+001  1.1021087e+003  3.8800000e+000
  3.1030000e+001  1.1073976e+003  3.9200000e+000
  3.1240000e+001  1.1159415e+003  4.0000000e+000
  3.1340000e+001  1.1200087e+003  4.0400000e+000
  3.1450000e+001  1.1244827e+003  4.2800000e+000
  3.1560000e+001  1.1289567e+003  4.2500000e+000
  3.1670000e+001  1.1334307e+003  4.3400000e+000
  3.1670000e+001  1.1334307e+003  4.0300000e+000
  3.1770000e+001  1.1374980e+003  4.2400000e+000
  3.1770000e+001  1.1374980e+003  4.1600000e+000
  3.1880000e+001  1.1419720e+003  4.1700000e+000
  3.1990000e+001  1.1464464e+003  3.9600000e+000
  3.2120000e+001  1.1517359e+003  3.8500000e+000
  3.2240000e+001  1.1566182e+003  3.7900000e+000
  3.2240000e+001  1.1566182e+003  3.6700000e+000
  3.2340000e+001  1.1606855e+003  3.9500000e+000
  3.2340000e+001  1.1606855e+003  3.6100000e+000
  3.2410000e+001  1.1635325e+003  3.7100000e+000
  3.2410000e+001  1.1635325e+003  3.6400000e+000
  3.2470000e+001  1.1659729e+003  3.5600000e+000
  3.2470000e+001  1.1659729e+003  3.5300000e+000
  3.2520000e+001  1.1680048e+003  3.5500000e+000
  3.2580000e+001  1.1704428e+003  3.6200000e+000
  3.2620000e+001  1.1720681e+003  3.8300000e+000
  3.2620000e+001  1.1720681e+003  3.8900000e+000
  3.2690000e+001  1.1749125e+003  3.9500000e+000
  3.2780000e+001  1.1785714e+003  3.9100000e+000
  3.2780000e+001  1.1785714e+003  3.7400000e+000
  3.2900000e+001  1.1834522e+003  3.9500000e+000
  3.2900000e+001  1.1834522e+003  3.9300000e+000
  3.3070000e+001  1.1898926e+003  4.2500000e+000
  3.3070000e+001  1.1898926e+003  4.0600000e+000
  3.3280000e+001  1.1964326e+003  4.3000000e+000
  3.3280000e+001  1.1964326e+003  4.4000000e+000
  3.3280000e+001  1.1964326e+003  4.3800000e+000
  3.3280000e+001  1.1964326e+003  4.4000000e+000
  3.3440000e+001  1.2014155e+003  4.4900000e+000
  3.3530000e+001  1.2042184e+003  4.4400000e+000
  3.3530000e+001  1.2042184e+003  4.3300000e+000
  3.3610000e+001  1.2067098e+003  4.1000000e+000
  3.3610000e+001  1.2067098e+003  4.2600000e+000
  3.3670000e+001  1.2085784e+003  4.2000000e+000
  3.3670000e+001  1.2085784e+003  4.1800000e+000
  3.3730000e+001  1.2104470e+003  4.2000000e+000
  3.3730000e+001  1.2104470e+003  3.8600000e+000
  3.3800000e+001  1.2126270e+003  4.0500000e+000
  3.3800000e+001  1.2126270e+003  4.0600000e+000
  3.3880000e+001  1.2151184e+003  3.8000000e+000
  3.3880000e+001  1.2151184e+003  4.0400000e+000
  3.3990000e+001  1.2184631e+003  3.4500000e+000
  3.4150000e+001  1.2232077e+003  3.6000000e+000
  3.4370000e+001  1.2297343e+003  3.3200000e+000
  3.4630000e+001  1.2371420e+003  3.3600000e+000
  3.4780000e+001  1.2414119e+003  3.4300000e+000
  3.4850000e+001  1.2434053e+003  3.6700000e+000
  3.4850000e+001  1.2434053e+003  3.6600000e+000
  3.4890000e+001  1.2445444e+003  3.9100000e+000
  3.4890000e+001  1.2445444e+003  4.1000000e+000
  3.4930000e+001  1.2456835e+003  4.1300000e+000
  3.4930000e+001  1.2456835e+003  4.4000000e+000
  3.4970000e+001  1.2468226e+003  4.1500000e+000
  3.4970000e+001  1.2468226e+003  4.4300000e+000
  3.5010000e+001  1.2479617e+003  4.2600000e+000
  3.5060000e+001  1.2493856e+003  4.1200000e+000
  3.5060000e+001  1.2493856e+003  3.9800000e+000
  3.5130000e+001  1.2513790e+003  3.9000000e+000
  3.5130000e+001  1.2513790e+003  4.0600000e+000
  3.5270000e+001  1.2553659e+003  4.2500000e+000
  3.5450000e+001  1.2604893e+003  4.0100000e+000
  3.5450000e+001  1.2604893e+003  4.0900000e+000
  3.5600000e+001  1.2647606e+003  3.6200000e+000
  3.5600000e+001  1.2647606e+003  3.9000000e+000
  3.5710000e+001  1.2678932e+003  3.6900000e+000
  3.5780000e+001  1.2698866e+003  3.7100000e+000
  3.5860000e+001  1.2721648e+003  3.6800000e+000
  3.5930000e+001  1.2741582e+003  3.7500000e+000
  3.6010000e+001  1.2764364e+003  3.7300000e+000
  3.6010000e+001  1.2764364e+003  3.7000000e+000
  3.6110000e+001  1.2792827e+003  3.7800000e+000
  3.6110000e+001  1.2792827e+003  3.5000000e+000
  3.6220000e+001  1.2824139e+003  3.7100000e+000
  3.6220000e+001  1.2824139e+003  3.6200000e+000
  3.6350000e+001  1.2861159e+003  3.8000000e+000
  3.6350000e+001  1.2861159e+003  3.9600000e+000
  3.6510000e+001  1.2906723e+003  4.2100000e+000
  3.6520000e+001  1.2909571e+003  4.3300000e+000
  3.6520000e+001  1.2909571e+003  4.1100000e+000
  3.6740000e+001  1.2972222e+003  4.0600000e+000
  3.6850000e+001  1.3003531e+003  3.9100000e+000
  3.6960000e+001  1.3034844e+003  3.9600000e+000
  3.7080000e+001  1.3069017e+003  3.9700000e+000
  3.7200000e+001  1.3103190e+003  3.8200000e+000
  3.7290000e+001  1.3128820e+003  3.7100000e+000
  3.7380000e+001  1.3154450e+003  3.7500000e+000
  3.7470000e+001  1.3180079e+003  3.8000000e+000
  3.7540000e+001  1.3200004e+003  4.0100000e+000
  3.7610000e+001  1.3219927e+003  4.1800000e+000
  3.7670000e+001  1.3237006e+003  4.1900000e+000
  3.7730000e+001  1.3254093e+003  4.1800000e+000
  3.7800000e+001  1.3274027e+003  4.0700000e+000
  3.7890000e+001  1.3299657e+003  3.9900000e+000
  3.8040000e+001  1.3342373e+003  4.1400000e+000
  3.8220000e+001  1.3393631e+003  4.0400000e+000
  3.8360000e+001  1.3433478e+003  4.0500000e+000
  3.8460000e+001  1.3461950e+003  3.5200000e+000
  3.8560000e+001  1.3490428e+003  3.4900000e+000
  3.8650000e+001  1.3516058e+003  3.4100000e+000
  3.8740000e+001  1.3541687e+003  3.5200000e+000
  3.8820000e+001  1.3564469e+003  3.4300000e+000
  3.8820000e+001  1.3564469e+003  3.4600000e+000
  3.8900000e+001  1.3587251e+003  3.6700000e+000
  3.8980000e+001  1.3610027e+003  4.1000000e+000
  3.9080000e+001  1.3638489e+003  4.2700000e+000
  3.9150000e+001  1.3658747e+003  4.1800000e+000
  3.9180000e+001  1.3667647e+003  4.1600000e+000
  3.9220000e+001  1.3679514e+003  4.0600000e+000
  3.9280000e+001  1.3697314e+003  4.1200000e+000
  3.9290000e+001  1.3700281e+003  3.9900000e+000
  3.9390000e+001  1.3730667e+003  4.1400000e+000
  3.9780000e+001  1.3866462e+003  3.6800000e+000
  3.9900000e+001  1.3919962e+003  3.6800000e+000
  4.0050000e+001  1.4001589e+003  3.7000000e+000
  4.0120000e+001  1.4061811e+003  3.7400000e+000
  4.0210000e+001  1.4110415e+003  4.0400000e+000
  4.0340000e+001  1.4169584e+003  3.9200000e+000
  4.0480000e+001  1.4230441e+003  3.8700000e+000
  4.0600000e+001  1.4281667e+003  3.6100000e+000
  4.0690000e+001  1.4320063e+003  3.4800000e+000
  4.0770000e+001  1.4354194e+003  3.5100000e+000
  4.0780000e+001  1.4358466e+003  3.5000000e+000
  4.0860000e+001  1.4392639e+003  3.2800000e+000
  4.0970000e+001  1.4439185e+003  3.4600000e+000
  4.1120000e+001  1.4500194e+003  3.5300000e+000
  4.1260000e+001  1.4560922e+003  4.0000000e+000
  4.1260000e+001  1.4560922e+003  4.3100000e+000
  4.1340000e+001  1.4614501e+003  4.2500000e+000
  4.1400000e+001  1.4696348e+003  3.4000000e+000
  4.1530000e+001  1.4857405e+003  3.5000000e+000
  4.1570000e+001  1.4877050e+003  3.4100000e+000
  4.1750000e+001  1.4945483e+003  4.1100000e+000
  4.1950000e+001  1.5004797e+003  4.3900000e+000
  4.2150000e+001  1.5064126e+003  4.2800000e+000
  4.2250000e+001  1.5093780e+003  4.1900000e+000
  4.2320000e+001  1.5114537e+003  4.1100000e+000
  4.2380000e+001  1.5132335e+003  3.7100000e+000
  4.2440000e+001  1.5150135e+003  3.7600000e+000
  4.2510000e+001  1.5170902e+003  3.6900000e+000
  4.2710000e+001  1.5232516e+003  3.9100000e+000
  4.2850000e+001  1.5276219e+003  4.0400000e+000
  4.2850000e+001  1.5276219e+003  4.3100000e+000
  4.3000000e+001  1.5329608e+003  4.4700000e+000
  4.3130000e+001  1.5377219e+003  4.2300000e+000
  4.3140000e+001  1.5381286e+003  4.2300000e+000
  4.3240000e+001  1.5421959e+003  4.3200000e+000
  4.3320000e+001  1.5454497e+003  4.0300000e+000
  4.3390000e+001  1.5482973e+003  4.0800000e+000
  4.3390000e+001  1.5482973e+003  3.9500000e+000
  4.3460000e+001  1.5511455e+003  3.7400000e+000
  4.3520000e+001  1.5535868e+003  3.7300000e+000
  4.3520000e+001  1.5535868e+003  3.7600000e+000
  4.3690000e+001  1.5605027e+003  3.4800000e+000
  4.3690000e+001  1.5605027e+003  3.4500000e+000
  4.3820000e+001  1.5657901e+003  3.5900000e+000
  4.3820000e+001  1.5657901e+003  3.7300000e+000
  4.3970000e+001  1.5718910e+003  3.8800000e+000
  4.3970000e+001  1.5718910e+003  4.1000000e+000
  4.4100000e+001  1.5771784e+003  4.0900000e+000
  4.4200000e+001  1.5812457e+003  4.1000000e+000
  4.4280000e+001  1.5844995e+003  4.0100000e+000
  4.4350000e+001  1.5873466e+003  3.7400000e+000
  4.4430000e+001  1.5906012e+003  3.7800000e+000
  4.4520000e+001  1.5942632e+003  3.6900000e+000
  4.4620000e+001  1.5983320e+003  3.5600000e+000
  4.4730000e+001  1.6023345e+003  3.3500000e+000
  4.4830000e+001  1.6058926e+003  3.3800000e+000
  4.4940000e+001  1.6098094e+003  3.3400000e+000
  4.5060000e+001  1.6140808e+003  3.7000000e+000
  4.5060000e+001  1.6140808e+003  3.6600000e+000
  4.5190000e+001  1.6187074e+003  3.8500000e+000
  4.5190000e+001  1.6187074e+003  3.7600000e+000
  4.5340000e+001  1.6240463e+003  3.9300000e+000
  4.5570000e+001  1.6322310e+003  3.5300000e+000
  4.5650000e+001  1.6350803e+003  3.5600000e+000
  4.5650000e+001  1.6350803e+003  3.8700000e+000
  4.5740000e+001  1.6382822e+003  3.6600000e+000
  4.5830000e+001  1.6414854e+003  3.8800000e+000
  4.5830000e+001  1.6414854e+003  3.8500000e+000
  4.5920000e+001  1.6446896e+003  3.9900000e+000
  4.6040000e+001  1.6489600e+003  4.3200000e+000
  4.6150000e+001  1.6528742e+003  4.4600000e+000
  4.6150000e+001  1.6528742e+003  4.4400000e+000
  4.6260000e+001  1.6567905e+003  4.3500000e+000
  4.6350000e+001  1.6599940e+003  4.0000000e+000
  4.6350000e+001  1.6599940e+003  4.2800000e+000
  4.6430000e+001  1.6628397e+003  4.1800000e+000
  4.6500000e+001  1.6653329e+003  4.1900000e+000
  4.6570000e+001  1.6678228e+003  4.0600000e+000
  4.6640000e+001  1.6703156e+003  3.9100000e+000
  4.6730000e+001  1.6737597e+003  3.7000000e+000
  4.6850000e+001  1.6786405e+003  3.6600000e+000
  4.7000000e+001  1.6847390e+003  3.7000000e+000
  4.7140000e+001  1.6904277e+003  3.8800000e+000
  4.7250000e+001  1.6948995e+003  3.9300000e+000
  4.7330000e+001  1.6981533e+003  3.8400000e+000
  4.7380000e+001  1.7001870e+003  3.7000000e+000
  4.7430000e+001  1.7022206e+003  4.0900000e+000
  4.7510000e+001  1.7054754e+003  4.2300000e+000
  4.7600000e+001  1.7091374e+003  4.2200000e+000
  4.7600000e+001  1.7091374e+003  4.1700000e+000
  4.7620000e+001  1.7099511e+003  4.0200000e+000
  4.7690000e+001  1.7127993e+003  3.9700000e+000
  4.7700000e+001  1.7132062e+003  3.8800000e+000
  4.7760000e+001  1.7156467e+003  3.6000000e+000
  4.7830000e+001  1.7184937e+003  3.6600000e+000
  4.7920000e+001  1.7221543e+003  3.8900000e+000
  4.8030000e+001  1.7266283e+003  3.8000000e+000
  4.8170000e+001  1.7323225e+003  3.9300000e+000
  4.8290000e+001  1.7372032e+003  3.3200000e+000
  4.8390000e+001  1.7412704e+003  3.4100000e+000
  4.8470000e+001  1.7445243e+003  3.6900000e+000
  4.8540000e+001  1.7473724e+003  3.9600000e+000
  4.8630000e+001  1.7510344e+003  3.7700000e+000
  4.8710000e+001  1.7542895e+003  3.7100000e+000
  4.8820000e+001  1.7587638e+003  3.4800000e+000
  4.9020000e+001  1.7668983e+003  3.4300000e+000
  4.9120000e+001  1.7709655e+003  3.5100000e+000
  4.9210000e+001  1.7746261e+003  3.4800000e+000
  4.9300000e+001  1.7779812e+003  3.8100000e+000
  4.9410000e+001  1.7818955e+003  3.9800000e+000
  4.9520000e+001  1.7858097e+003  3.8600000e+000
  4.9630000e+001  1.7892882e+003  3.9200000e+000
  4.9820000e+001  1.7952054e+003  4.1400000e+000
  5.0000000e+001  1.8008112e+003  3.9400000e+000
  5.0100000e+001  1.8039255e+003  3.6200000e+000
  5.0200000e+001  1.8070398e+003  3.5700000e+000
  5.0310000e+001  1.8104655e+003  3.4300000e+000
  5.0410000e+001  1.8135775e+003  3.5500000e+000
  5.0510000e+001  1.8165441e+003  3.6100000e+000
  5.0600000e+001  1.8192142e+003  3.4600000e+000
  5.0700000e+001  1.8220935e+003  3.3700000e+000
  5.0810000e+001  1.8252243e+003  3.4700000e+000
  5.0910000e+001  1.8280721e+003  3.8100000e+000
  5.1020000e+001  1.8312046e+003  4.0100000e+000
  5.1070000e+001  1.8326285e+003  4.0300000e+000
  5.1070000e+001  1.8326285e+003  4.2600000e+000
  5.1200000e+001  1.8363305e+003  4.1800000e+000
  5.1330000e+001  1.8400326e+003  4.0900000e+000
  5.1330000e+001  1.8400326e+003  3.8000000e+000
  5.1460000e+001  1.8437331e+003  3.8800000e+000
  5.1590000e+001  1.8474339e+003  3.8400000e+000
  5.1800000e+001  1.8534142e+003  3.4900000e+000
  5.1880000e+001  1.8556924e+003  3.6000000e+000
  5.1970000e+001  1.8582554e+003  3.6300000e+000
  5.2100000e+001  1.8619573e+003  3.8600000e+000
  5.2170000e+001  1.8639496e+003  4.2100000e+000
  5.2250000e+001  1.8662266e+003  3.7400000e+000
  5.2340000e+001  1.8687893e+003  3.6700000e+000
  5.2440000e+001  1.8716370e+003  3.8500000e+000
  5.2560000e+001  1.8750543e+003  3.6400000e+000
  5.2720000e+001  1.8796107e+003  3.5500000e+000
  5.2880000e+001  1.8841662e+003  3.5800000e+000
  5.3030000e+001  1.8884359e+003  3.4400000e+000
  5.3150000e+001  1.8918532e+003  3.5000000e+000
  5.3260000e+001  1.8949858e+003  3.6600000e+000
  5.3350000e+001  1.8975487e+003  3.6400000e+000
  5.3430000e+001  1.8998269e+003  4.1400000e+000
  5.3500000e+001  1.9018204e+003  4.2300000e+000
  5.3580000e+001  1.9040981e+003  4.2700000e+000
  5.3650000e+001  1.9060904e+003  4.2000000e+000
  5.3720000e+001  1.9080828e+003  4.1800000e+000
  5.3730000e+001  1.9083674e+003  4.1900000e+000
  5.3730000e+001  1.9083674e+003  4.1700000e+000
  5.3800000e+001  1.9103608e+003  3.8800000e+000
  5.3890000e+001  1.9129238e+003  4.0500000e+000
  5.3890000e+001  1.9129238e+003  3.9700000e+000
  5.3970000e+001  1.9152020e+003  3.8300000e+000
  5.4060000e+001  1.9177649e+003  3.8100000e+000
  5.4150000e+001  1.9203279e+003  3.7100000e+000
  5.4240000e+001  1.9228909e+003  3.8000000e+000
  5.4550000e+001  1.9317161e+003  3.5000000e+000
  5.4870000e+001  1.9407538e+003  3.9200000e+000
  5.4980000e+001  1.9436902e+003  3.9500000e+000
  5.5080000e+001  1.9463596e+003  4.1100000e+000
  5.5180000e+001  1.9490249e+003  4.0900000e+000
  5.5290000e+001  1.9519553e+003  3.9600000e+000
  5.5290000e+001  1.9519553e+003  3.8100000e+000
  5.5400000e+001  1.9548917e+003  4.0300000e+000
  5.5510000e+001  1.9578280e+003  3.9800000e+000
  5.5630000e+001  1.9610313e+003  3.8800000e+000
  5.5840000e+001  1.9666370e+003  3.7000000e+000
  5.5950000e+001  1.9695734e+003  3.6400000e+000
  5.6050000e+001  1.9722428e+003  3.5200000e+000
  5.6150000e+001  1.9749122e+003  3.5000000e+000
  5.6260000e+001  1.9778485e+003  3.4800000e+000
  5.6370000e+001  1.9807849e+003  3.3700000e+000
  5.6490000e+001  1.9839882e+003  3.4700000e+000
  5.6620000e+001  1.9874584e+003  3.3300000e+000
  5.6620000e+001  1.9874584e+003  3.5200000e+000
  5.6730000e+001  1.9903947e+003  3.4200000e+000
  5.6730000e+001  1.9903947e+003  3.4600000e+000
  5.6840000e+001  1.9933311e+003  3.8800000e+000
  5.6940000e+001  1.9960005e+003  3.5700000e+000
  5.6940000e+001  1.9960005e+003  3.5700000e+000
  5.7030000e+001  1.9984030e+003  3.7400000e+000
  5.7030000e+001  1.9984030e+003  3.7100000e+000
  5.7030000e+001  1.9984030e+003  3.9400000e+000
  5.7120000e+001  2.0008054e+003  4.0000000e+000
  5.7120000e+001  2.0008054e+003  4.1000000e+000
  5.7200000e+001  2.0029409e+003  4.0400000e+000
  5.7290000e+001  2.0053434e+003  4.0400000e+000
  5.7390000e+001  2.0080128e+003  3.8000000e+000
  5.7390000e+001  2.0080128e+003  3.7300000e+000
  5.7490000e+001  2.0106822e+003  3.5700000e+000
  5.7590000e+001  2.0133516e+003  3.7700000e+000
  5.7590000e+001  2.0133516e+003  3.7900000e+000
  5.7700000e+001  2.0162880e+003  3.7900000e+000
  5.7700000e+001  2.0162880e+003  3.7100000e+000
  5.7820000e+001  2.0194913e+003  3.5400000e+000
  5.7920000e+001  2.0221607e+003  3.5000000e+000
  5.8030000e+001  2.0250970e+003  3.3800000e+000
  5.8220000e+001  2.0300744e+003  3.4000000e+000
  5.8300000e+001  2.0319670e+003  3.3800000e+000
  5.8310000e+001  2.0321806e+003  3.3400000e+000
  5.8390000e+001  2.0338892e+003  3.4000000e+000
  5.8480000e+001  2.0358115e+003  3.6000000e+000
  5.8570000e+001  2.0377337e+003  3.9200000e+000
  5.8670000e+001  2.0398694e+003  3.9900000e+000
  5.8770000e+001  2.0420041e+003  3.9900000e+000
  5.8880000e+001  2.0443526e+003  3.9400000e+000
  5.9000000e+001  2.0469156e+003  3.8900000e+000
  5.9120000e+001  2.0494785e+003  3.8600000e+000
  5.9230000e+001  2.0518279e+003  3.8600000e+000
  5.9340000e+001  2.0541773e+003  3.7700000e+000
  5.9440000e+001  2.0563126e+003  3.8400000e+000
  5.9530000e+001  2.0582338e+003  3.7400000e+000
  5.9620000e+001  2.0601555e+003  3.8400000e+000
  5.9710000e+001  2.0620777e+003  3.9600000e+000
  5.9810000e+001  2.0643346e+003  3.7800000e+000
  5.9840000e+001  2.0650463e+003  4.2300000e+000
  5.9910000e+001  2.0668305e+003  4.1800000e+000
  5.9950000e+001  2.0678982e+003  4.1700000e+000
  6.0020000e+001  2.0697766e+003  4.3400000e+000
  6.0060000e+001  2.0709157e+003  4.2200000e+000
  6.0170000e+001  2.0740483e+003  4.2900000e+000
  6.0300000e+001  2.0778727e+003  4.2000000e+000
  6.0420000e+001  2.0814383e+003  4.1100000e+000
  6.0520000e+001  2.0845526e+003  4.0900000e+000
  6.0610000e+001  2.0873555e+003  4.0800000e+000
  6.0700000e+001  2.0901584e+003  3.8200000e+000
  6.0790000e+001  2.0935510e+003  3.6700000e+000
  6.0900000e+001  2.0980267e+003  3.2500000e+000
  6.1000000e+001  2.1020956e+003  3.5000000e+000
  6.1090000e+001  2.1059367e+003  3.6600000e+000
  6.1090000e+001  2.1059367e+003  3.6400000e+000
  6.1100000e+001  2.1063637e+003  3.3800000e+000
  6.1190000e+001  2.1102062e+003  3.8800000e+000
  6.1270000e+001  2.1136235e+003  3.7100000e+000
  6.1360000e+001  2.1174680e+003  3.5900000e+000
  6.1360000e+001  2.1174680e+003  3.6000000e+000
  6.1470000e+001  2.1221668e+003  3.4100000e+000
  6.1470000e+001  2.1221668e+003  3.7700000e+000
  6.1610000e+001  2.1281471e+003  3.6700000e+000
  6.1610000e+001  2.1281471e+003  3.5400000e+000
  6.1770000e+001  2.1349808e+003  3.4300000e+000
  6.2000000e+001  2.1448021e+003  3.4600000e+000
  6.2070000e+001  2.1477923e+003  3.9900000e+000
  6.2120000e+001  2.1499281e+003  3.9700000e+000
  6.2170000e+001  2.1520639e+003  4.1300000e+000
  6.2230000e+001  2.1546269e+003  3.8400000e+000
  6.2310000e+001  2.1580442e+003  3.9100000e+000
  6.2420000e+001  2.1627430e+003  3.7400000e+000
  6.2570000e+001  2.1691479e+003  3.4300000e+000
  6.2730000e+001  2.1759808e+003  3.4700000e+000
  6.2860000e+001  2.1815339e+003  3.3400000e+000
  6.2950000e+001  2.1853784e+003  3.5500000e+000
  6.3020000e+001  2.1883685e+003  3.6600000e+000
  6.3080000e+001  2.1909315e+003  3.7500000e+000
  6.3160000e+001  2.1943488e+003  3.6500000e+000
  6.3240000e+001  2.1977650e+003  3.5600000e+000
  6.3340000e+001  2.2020343e+003  3.4900000e+000
  6.3350000e+001  2.2024612e+003  3.6200000e+000
  6.3490000e+001  2.2084346e+003  3.4800000e+000
  6.3670000e+001  2.2161199e+003  3.6500000e+000
  6.3780000e+001  2.2208187e+003  3.4500000e+000
  6.3850000e+001  2.2238088e+003  3.3000000e+000
  6.3910000e+001  2.2263718e+003  3.4600000e+000
  6.3910000e+001  2.2263718e+003  3.6000000e+000
  6.3960000e+001  2.2285067e+003  3.5500000e+000
  6.4000000e+001  2.2302144e+003  3.5000000e+000
  6.4070000e+001  2.2332029e+003  3.9800000e+000
  6.4070000e+001  2.2332029e+003  3.4500000e+000
  6.4190000e+001  2.2383281e+003  3.8600000e+000
  6.4400000e+001  2.2472985e+003  3.7900000e+000
  6.4580000e+001  2.2549874e+003  3.2800000e+000
  6.4690000e+001  2.2596854e+003  3.3600000e+000
  6.4870000e+001  2.2673709e+003  3.0100000e+000
  6.5090000e+001  2.2767685e+003  3.4800000e+000
  6.5190000e+001  2.2810401e+003  4.1800000e+000
  6.5190000e+001  2.2810401e+003  3.7600000e+000
  6.5270000e+001  2.2844574e+003  3.7800000e+000
  6.5340000e+001  2.2874476e+003  3.6800000e+000
  6.5340000e+001  2.2874476e+003  3.9700000e+000
  6.5340000e+001  2.2874476e+003  3.6900000e+000
  6.5390000e+001  2.2895832e+003  3.8300000e+000
  6.5450000e+001  2.2921448e+003  3.5300000e+000
  6.5520000e+001  2.2951333e+003  3.4700000e+000
  6.5620000e+001  2.2994039e+003  3.5800000e+000
  6.5620000e+001  2.2994039e+003  3.4900000e+000
  6.5620000e+001  2.2994039e+003  3.4300000e+000
  6.5730000e+001  2.3041027e+003  3.6600000e+000
  6.5850000e+001  2.3092286e+003  3.7200000e+000
  6.5960000e+001  2.3139274e+003  3.7500000e+000
  6.5960000e+001  2.3139274e+003  3.6300000e+000
  6.5960000e+001  2.3139274e+003  3.7300000e+000
  6.6040000e+001  2.3173447e+003  3.8500000e+000
  6.6130000e+001  2.3211888e+003  3.5900000e+000
  6.6220000e+001  2.3250312e+003  3.6500000e+000
  6.6220000e+001  2.3250312e+003  3.3900000e+000
  6.6330000e+001  2.3297282e+003  3.7000000e+000
  6.6450000e+001  2.3348541e+003  3.4000000e+000
  6.6560000e+001  2.3395529e+003  3.3500000e+000
  6.6650000e+001  2.3433974e+003  3.4200000e+000
  6.6650000e+001  2.3433974e+003  3.2500000e+000
  6.6740000e+001  2.3472419e+003  3.4700000e+000
  6.6810000e+001  2.3502320e+003  3.7900000e+000
  6.6810000e+001  2.3502320e+003  3.5800000e+000
  6.6910000e+001  2.3545021e+003  3.8100000e+000
  6.6910000e+001  2.3545021e+003  3.9700000e+000
  6.6910000e+001  2.3545021e+003  3.4700000e+000
  6.7020000e+001  2.3591983e+003  3.9500000e+000
  6.7140000e+001  2.3643241e+003  4.1100000e+000
  6.7150000e+001  2.3647513e+003  3.8000000e+000
  6.7250000e+001  2.3690229e+003  3.4600000e+000
  6.7340000e+001  2.3728674e+003  3.5900000e+000
  6.7410000e+001  2.3758218e+003  3.4100000e+000
  6.7480000e+001  2.3786689e+003  3.4100000e+000
  6.7560000e+001  2.3819227e+003  3.4600000e+000
  6.7670000e+001  2.3863967e+003  3.5700000e+000
  6.7820000e+001  2.3924976e+003  3.6300000e+000
  6.7960000e+001  2.3981926e+003  3.3900000e+000
  6.8060000e+001  2.4022615e+003  3.6800000e+000
  6.8150000e+001  2.4059235e+003  3.6800000e+000
  6.8200000e+001  2.4079572e+003  3.4600000e+000
  6.8260000e+001  2.4103976e+003  3.6300000e+000
  6.8320000e+001  2.4128380e+003  3.4700000e+000
  6.8380000e+001  2.4152783e+003  3.3700000e+000
  6.8450000e+001  2.4179495e+003  3.6100000e+000
  6.8540000e+001  2.4211514e+003  3.7500000e+000
  6.8660000e+001  2.4254218e+003  3.6000000e+000
  6.8800000e+001  2.4304045e+003  4.1000000e+000
  6.8940000e+001  2.4353873e+003  3.7900000e+000
  6.9060000e+001  2.4396589e+003  4.0700000e+000
  6.9160000e+001  2.4432193e+003  4.0200000e+000
  6.9240000e+001  2.4460651e+003  4.0300000e+000
  6.9310000e+001  2.4485582e+003  4.0200000e+000
  6.9380000e+001  2.4510478e+003  4.0000000e+000
  6.9470000e+001  2.4542533e+003  3.5800000e+000
  6.9590000e+001  2.4585237e+003  3.4300000e+000
  6.9590000e+001  2.4585237e+003  3.4500000e+000
  6.9700000e+001  2.4624379e+003  3.4500000e+000
  6.9740000e+001  2.4638626e+003  3.3600000e+000
  6.9880000e+001  2.4688453e+003  3.4500000e+000
  6.9900000e+001  2.4695577e+003  3.3400000e+000
  7.0110000e+001  2.4770200e+003  3.4200000e+000
  7.0210000e+001  2.4805811e+003  3.7200000e+000
  7.0310000e+001  2.4841397e+003  3.9600000e+000
  7.0410000e+001  2.4876978e+003  3.8900000e+000
  7.0680000e+001  2.4973071e+003  3.5000000e+000
  7.0760000e+001  2.5001564e+003  3.2400000e+000
  7.0840000e+001  2.5030022e+003  3.4900000e+000
  7.0910000e+001  2.5054953e+003  3.9000000e+000
  7.1000000e+001  2.5086973e+003  3.7600000e+000
  7.1080000e+001  2.5115466e+003  3.5400000e+000
  7.1170000e+001  2.5147485e+003  4.2200000e+000
  7.1240000e+001  2.5172404e+003  3.8400000e+000
  7.1330000e+001  2.5204436e+003  4.1700000e+000
  7.1440000e+001  2.5243578e+003  3.7500000e+000
  7.1450000e+001  2.5247140e+003  3.8400000e+000
  7.1640000e+001  2.5314775e+003  3.8900000e+000
  7.1800000e+001  2.5371726e+003  3.7400000e+000
  7.1910000e+001  2.5410868e+003  3.4500000e+000
  7.2010000e+001  2.5449109e+003  3.2600000e+000
  7.2120000e+001  2.5493849e+003  3.2400000e+000
  7.2230000e+001  2.5538920e+003  3.2200000e+000
  7.2310000e+001  2.5573093e+003  3.4300000e+000
  7.2450000e+001  2.5633847e+003  3.0200000e+000
  7.2520000e+001  2.5664990e+003  3.7000000e+000
  7.2670000e+001  2.5735493e+003  3.6200000e+000
  7.2740000e+001  2.5768704e+003  3.5100000e+000
  7.2830000e+001  2.5811405e+003  3.3900000e+000
  7.3160000e+001  2.5968022e+003  3.4900000e+000
  7.3230000e+001  2.5993886e+003  3.8200000e+000
  7.3280000e+001  2.6005363e+003  3.9700000e+000
  7.3340000e+001  2.6019136e+003  4.0300000e+000
  7.3410000e+001  2.6044403e+003  3.7400000e+000
  7.3530000e+001  2.6092517e+003  3.5800000e+000
  7.3680000e+001  2.6152618e+003  3.5800000e+000
  7.3800000e+001  2.6200772e+003  3.5000000e+000
  7.3910000e+001  2.6244873e+003  3.5200000e+000
  7.4020000e+001  2.6289005e+003  3.3200000e+000
  7.4130000e+001  2.6333100e+003  3.5400000e+000
  7.4240000e+001  2.6377155e+003  3.6200000e+000
  7.4350000e+001  2.6421265e+003  3.7700000e+000
  7.4480000e+001  2.6473416e+003  3.7000000e+000
  7.4480000e+001  2.6473416e+003  3.6100000e+000
  7.4590000e+001  2.6517529e+003  3.6300000e+000
  7.4670000e+001  2.6549479e+003  3.1700000e+000
  7.4740000e+001  2.6575773e+003  3.3200000e+000
  7.4810000e+001  2.6602068e+003  3.2900000e+000
  7.4880000e+001  2.6628385e+003  3.1800000e+000
  7.4970000e+001  2.6662227e+003  3.2200000e+000
  7.5070000e+001  2.6699794e+003  3.3700000e+000
  7.5150000e+001  2.6729852e+003  3.4800000e+000
  7.5230000e+001  2.6759953e+003  3.4600000e+000
  7.5300000e+001  2.6786289e+003  3.3200000e+000
  7.5380000e+001  2.6816340e+003  3.7900000e+000
  7.5490000e+001  2.6857681e+003  3.5200000e+000
  7.5630000e+001  2.6910344e+003  3.6800000e+000
  7.5770000e+001  2.6962899e+003  3.5800000e+000
  7.5900000e+001  2.7011811e+003  3.5800000e+000
  7.6020000e+001  2.7056906e+003  3.6900000e+000
  7.6120000e+001  2.7094489e+003  3.6900000e+000
  7.6210000e+001  2.7128353e+003  3.7500000e+000
  7.6390000e+001  2.7195990e+003  3.7000000e+000
  7.6490000e+001  2.7233586e+003  3.8200000e+000
  7.6590000e+001  2.7271179e+003  3.7300000e+000
  7.6700000e+001  2.7312498e+003  3.7700000e+000
  7.6810000e+001  2.7353872e+003  3.2300000e+000
  7.6910000e+001  2.7391481e+003  3.0700000e+000
  7.7010000e+001  2.7429044e+003  3.1600000e+000
  7.7110000e+001  2.7466651e+003  3.4600000e+000
  7.7210000e+001  2.7504267e+003  3.2200000e+000
  7.7310000e+001  2.7541807e+003  3.2100000e+000
  7.7410000e+001  2.7579392e+003  3.2400000e+000
  7.7510000e+001  2.7617019e+003  3.4100000e+000
  7.7610000e+001  2.7654585e+003  2.9700000e+000
  7.7810000e+001  2.7729797e+003  3.1900000e+000
  7.7910000e+001  2.7767374e+003  3.1300000e+000
  7.8010000e+001  2.7805433e+003  3.1100000e+000
  7.8110000e+001  2.7845501e+003  3.1900000e+000
  7.8210000e+001  2.7885619e+003  3.2800000e+000
  7.8310000e+001  2.7925695e+003  3.3200000e+000
  7.8410000e+001  2.7965816e+003  3.5000000e+000
  7.8510000e+001  2.8005930e+003  3.2100000e+000
  7.8610000e+001  2.8045997e+003  3.8800000e+000
  7.8710000e+001  2.8086070e+003  3.7300000e+000
  7.8810000e+001  2.8126222e+003  3.8100000e+000
  7.9010000e+001  2.8206385e+003  3.4800000e+000
  7.9120000e+001  2.8250501e+003  3.2200000e+000
  7.9230000e+001  2.8294575e+003  3.1800000e+000
  7.9330000e+001  2.8334670e+003  3.4200000e+000
  7.9420000e+001  2.8370803e+003  3.3300000e+000
  7.9520000e+001  2.8410870e+003  3.2800000e+000
  7.9620000e+001  2.8451009e+003  3.6400000e+000
  7.9710000e+001  2.8487079e+003  3.5900000e+000
  7.9780000e+001  2.8515105e+003  3.7900000e+000
  7.9790000e+001  2.8519112e+003  3.3800000e+000
  7.9860000e+001  2.8547159e+003  3.3700000e+000
  7.9960000e+001  2.8587284e+003  3.4800000e+000
  8.0060000e+001  2.8627394e+003  3.3100000e+000
  8.0090000e+001  2.8639414e+003  3.4900000e+000
  8.0160000e+001  2.8667487e+003  3.2900000e+000
  8.0250000e+001  2.8703622e+003  3.2200000e+000
  8.0350000e+001  2.8743689e+003  3.3000000e+000
  8.0460000e+001  2.8787763e+003  3.5400000e+000
  8.0560000e+001  2.8827868e+003  3.6700000e+000
  8.0750000e+001  2.8904041e+003  3.4900000e+000
  8.0850000e+001  2.8944186e+003  3.4100000e+000
  8.0950000e+001  2.8984253e+003  3.2800000e+000
  8.1050000e+001  2.9024320e+003  3.2200000e+000
  8.1160000e+001  2.9068462e+003  3.5400000e+000
  8.1260000e+001  2.9108541e+003  3.4500000e+000
  8.1360000e+001  2.9148625e+003  3.5200000e+000
  8.1460000e+001  2.9188756e+003  3.5100000e+000
  8.1550000e+001  2.9224817e+003  3.5700000e+000
  8.1650000e+001  2.9264884e+003  3.6300000e+000
  8.1760000e+001  2.9309031e+003  3.7100000e+000
  8.1760000e+001  2.9309031e+003  3.6100000e+000
  8.1860000e+001  2.9349126e+003  3.2600000e+000
  8.1890000e+001  2.9361146e+003  3.3100000e+000
  8.1990000e+001  2.9401280e+003  3.1900000e+000
  8.2080000e+001  2.9437357e+003  3.0600000e+000
  8.2160000e+001  2.9469388e+003  3.0600000e+000
  8.2240000e+001  2.9501441e+003  3.3100000e+000
  8.2340000e+001  2.9541570e+003  3.2900000e+000
  8.2450000e+001  2.9585683e+003  3.4200000e+000
  8.2600000e+001  2.9645864e+003  3.5600000e+000
  8.2750000e+001  2.9705985e+003  3.6300000e+000
  8.2890000e+001  2.9762093e+003  3.6300000e+000
  8.3000000e+001  2.9806213e+003  3.4900000e+000
  8.3120000e+001  2.9854311e+003  3.2600000e+000
  8.3230000e+001  2.9898468e+003  3.3200000e+000
  8.3340000e+001  2.9942542e+003  3.4100000e+000
  8.3440000e+001  2.9982609e+003  3.4300000e+000
  8.3530000e+001  3.0018733e+003  3.4400000e+000
  8.3530000e+001  3.0018733e+003  3.4700000e+000
  8.3620000e+001  3.0054815e+003  3.3000000e+000
  8.3720000e+001  3.0094880e+003  3.5300000e+000
  8.3720000e+001  3.0094880e+003  3.4300000e+000
  8.3820000e+001  3.0134830e+003  3.4200000e+000
  8.3930000e+001  3.0176149e+003  3.5200000e+000
  8.4040000e+001  3.0217513e+003  3.4800000e+000
  8.4140000e+001  3.0255132e+003  3.3200000e+000
  8.4260000e+001  3.0300208e+003  3.1500000e+000
  8.4460000e+001  3.0375431e+003  3.0900000e+000
  8.4570000e+001  3.0416724e+003  3.2000000e+000
  8.4670000e+001  3.0454320e+003  3.3100000e+000
  8.4760000e+001  3.0488184e+003  3.5100000e+000
  8.4860000e+001  3.0525749e+003  3.3700000e+000
  8.4960000e+001  3.0563337e+003  3.1400000e+000
  8.5060000e+001  3.0600963e+003  2.9100000e+000
  8.5160000e+001  3.0638538e+003  3.1700000e+000
  8.5260000e+001  3.0676110e+003  3.1600000e+000
  8.5360000e+001  3.0713713e+003  3.2000000e+000
  8.5460000e+001  3.0751290e+003  3.0800000e+000
  8.5560000e+001  3.0788857e+003  3.0600000e+000
  8.5660000e+001  3.0826483e+003  2.9900000e+000
  8.5760000e+001  3.0864080e+003  3.1300000e+000
  8.5860000e+001  3.0901643e+003  3.2100000e+000
  8.5960000e+001  3.0939262e+003  3.2900000e+000
  8.6060000e+001  3.0976862e+003  3.1500000e+000
  8.6160000e+001  3.1014401e+003  3.0700000e+000
  8.6260000e+001  3.1052003e+003  3.1300000e+000
  8.6360000e+001  3.1089621e+003  3.0200000e+000
  8.6460000e+001  3.1127184e+003  3.2200000e+000
  8.6560000e+001  3.1164782e+003  3.2500000e+000
  8.6660000e+001  3.1202408e+003  3.2900000e+000
  8.6760000e+001  3.1239973e+003  3.3900000e+000
  8.6860000e+001  3.1277551e+003  3.3800000e+000
  8.6960000e+001  3.1315154e+003  3.5100000e+000
  8.7060000e+001  3.1352725e+003  3.4600000e+000
  8.7160000e+001  3.1390302e+003  3.5500000e+000
  8.7260000e+001  3.1427928e+003  3.4400000e+000
  8.7360000e+001  3.1465515e+003  3.2000000e+000
  8.7460000e+001  3.1503016e+003  2.7400000e+000
  8.7570000e+001  3.1542718e+003  2.8700000e+000
  8.7670000e+001  3.1578535e+003  2.9800000e+000
  8.7760000e+001  3.1609477e+003  2.8900000e+000
  8.7860000e+001  3.1643856e+003  2.9500000e+000
  8.7960000e+001  3.1678225e+003  3.1700000e+000
  8.8060000e+001  3.1712569e+003  3.2100000e+000
  8.8160000e+001  3.1746912e+003  3.2000000e+000
  8.8260000e+001  3.1781268e+003  3.3100000e+000
  8.8360000e+001  3.1815635e+003  3.1400000e+000
  8.8460000e+001  3.1850002e+003  3.1600000e+000
  8.8570000e+001  3.1887816e+003  3.0700000e+000
  8.8690000e+001  3.1929072e+003  3.1300000e+000
  8.8830000e+001  3.1977203e+003  3.1700000e+000
  8.8970000e+001  3.2025334e+003  3.1100000e+000
  8.9090000e+001  3.2066584e+003  3.1300000e+000
  8.9200000e+001  3.2104387e+003  3.1200000e+000
  8.9290000e+001  3.2135318e+003  3.1500000e+000
  8.9370000e+001  3.2162799e+003  3.2000000e+000
  8.9460000e+001  3.2193708e+003  3.2300000e+000
  8.9550000e+001  3.2224617e+003  3.2100000e+000
  8.9650000e+001  3.2258981e+003  3.2700000e+000
  8.9760000e+001  3.2296798e+003  3.2900000e+000
  8.9870000e+001  3.2334616e+003  3.2400000e+000
  8.9910000e+001  3.2348363e+003  3.2300000e+000
  8.9980000e+001  3.2372420e+003  2.9800000e+000
  9.0020000e+001  3.2386166e+003  3.2100000e+000
  9.0080000e+001  3.2406787e+003  3.2300000e+000
  9.0120000e+001  3.2420534e+003  3.1600000e+000
  9.0170000e+001  3.2437720e+003  3.0900000e+000
  9.0220000e+001  3.2454909e+003  3.1300000e+000
  9.0320000e+001  3.2489289e+003  2.9900000e+000
  9.0420000e+001  3.2523668e+003  2.9700000e+000
  9.0530000e+001  3.2561486e+003  2.9200000e+000
  9.0640000e+001  3.2599303e+003  3.0800000e+000
  9.0770000e+001  3.2643964e+003  3.1900000e+000
  9.0900000e+001  3.2688595e+003  3.0300000e+000
  9.1010000e+001  3.2726373e+003  3.2200000e+000
  9.1120000e+001  3.2764191e+003  3.2100000e+000
  9.1220000e+001  3.2798570e+003  3.2100000e+000
  9.1220000e+001  3.2798570e+003  3.2500000e+000
  9.1310000e+001  3.2829512e+003  3.3800000e+000
  9.1400000e+001  3.2860453e+003  3.1600000e+000
  9.1400000e+001  3.2860453e+003  3.2700000e+000
  9.1480000e+001  3.2887957e+003  3.4400000e+000
  9.1570000e+001  3.2918894e+003  3.6800000e+000
  9.1660000e+001  3.2949825e+003  3.7300000e+000
  9.1760000e+001  3.2984192e+003  3.6200000e+000
  9.1850000e+001  3.3015127e+003  3.6600000e+000
  9.1960000e+001  3.3052944e+003  3.3600000e+000
  9.2070000e+001  3.3090762e+003  3.4300000e+000
  9.2170000e+001  3.3126493e+003  3.4100000e+000
  9.2270000e+001  3.3162553e+003  3.4600000e+000
  9.2360000e+001  3.3195031e+003  3.2200000e+000
  9.2460000e+001  3.3231124e+003  3.0600000e+000
  9.2550000e+001  3.3263587e+003  3.2100000e+000
  9.2550000e+001  3.3263587e+003  3.0200000e+000
  9.2660000e+001  3.3303254e+003  3.3000000e+000
  9.2760000e+001  3.3339353e+003  3.1900000e+000
  9.2860000e+001  3.3375464e+003  3.1200000e+000
  9.2940000e+001  3.3404353e+003  3.4600000e+000
  9.2970000e+001  3.3415186e+003  3.2500000e+000
  9.3100000e+001  3.3462117e+003  3.4100000e+000
  9.3250000e+001  3.3516180e+003  3.2700000e+000
  9.3370000e+001  3.3559494e+003  3.2600000e+000
  9.3480000e+001  3.3599215e+003  3.3800000e+000
  9.3580000e+001  3.3635275e+003  3.3200000e+000
  9.3580000e+001  3.3635275e+003  3.3500000e+000
  9.3670000e+001  3.3667730e+003  3.3000000e+000
  9.3770000e+001  3.3703839e+003  3.1500000e+000
  9.3870000e+001  3.3739950e+003  3.4800000e+000
  9.3970000e+001  3.3776043e+003  3.4000000e+000
  9.4080000e+001  3.3815742e+003  3.4000000e+000
  9.4190000e+001  3.3855409e+003  3.5100000e+000
  9.4310000e+001  3.3898703e+003  3.2700000e+000
  9.4430000e+001  3.3942036e+003  3.1500000e+000
  9.4550000e+001  3.3985327e+003  2.9700000e+000
  9.4660000e+001  3.4024994e+003  3.0000000e+000
  9.4760000e+001  3.4061085e+003  3.1900000e+000
  9.4850000e+001  3.4093569e+003  3.2500000e+000
  9.4950000e+001  3.4129678e+003  3.1200000e+000
  9.5110000e+001  3.4187430e+003  3.0800000e+000
  9.5200000e+001  3.4219885e+003  2.9900000e+000
  9.5280000e+001  3.4248744e+003  3.2600000e+000
  9.5370000e+001  3.4281244e+003  3.1500000e+000
  9.5470000e+001  3.4317346e+003  2.9600000e+000
  9.5580000e+001  3.4356993e+003  2.8600000e+000
  9.5920000e+001  3.4479719e+003  2.8400000e+000
  9.6040000e+001  3.4523053e+003  3.0000000e+000
  9.6140000e+001  3.4559118e+003  3.1600000e+000
  9.6240000e+001  3.4595179e+003  3.1200000e+000
  9.6330000e+001  3.4627660e+003  3.2300000e+000
  9.6410000e+001  3.4656534e+003  3.1800000e+000
  9.6490000e+001  3.4685395e+003  3.1000000e+000
  9.6570000e+001  3.4714243e+003  2.9200000e+000
  9.6640000e+001  3.4739485e+003  2.9400000e+000
  9.6720000e+001  3.4768372e+003  2.8500000e+000
  9.6880000e+001  3.4826150e+003  2.9400000e+000
  9.6970000e+001  3.4858650e+003  2.9400000e+000
  9.7080000e+001  3.4898345e+003  3.0500000e+000
  9.7200000e+001  3.4941596e+003  3.0400000e+000
  9.7340000e+001  3.4992125e+003  3.0700000e+000
  9.7470000e+001  3.5039052e+003  3.1400000e+000
  9.7600000e+001  3.5085931e+003  3.0700000e+000
  9.7730000e+001  3.5132858e+003  3.1300000e+000
  9.7850000e+001  3.5176188e+003  3.0000000e+000
  9.7850000e+001  3.5176188e+003  3.1100000e+000
  9.7960000e+001  3.5215891e+003  3.1200000e+000
  9.8050000e+001  3.5248368e+003  3.0800000e+000
  9.8130000e+001  3.5277216e+003  3.0500000e+000
  9.8210000e+001  3.5306065e+003  2.9800000e+000
  9.8370000e+001  3.5363833e+003  3.0300000e+000
  9.8460000e+001  3.5396316e+003  3.1500000e+000
  9.8550000e+001  3.5428771e+003  3.1400000e+000
  9.8660000e+001  3.5468449e+003  3.1700000e+000
  9.8770000e+001  3.5508151e+003  3.2000000e+000
  9.8900000e+001  3.5555086e+003  3.1400000e+000
  9.9020000e+001  3.5598419e+003  3.1700000e+000
  9.9030000e+001  3.5602026e+003  3.0700000e+000
  9.9150000e+001  3.5645298e+003  3.2600000e+000
  9.9160000e+001  3.5648905e+003  2.9700000e+000
  9.9280000e+001  3.5692208e+003  2.9200000e+000
  9.9400000e+001  3.5735542e+003  2.9600000e+000
  9.9500000e+001  3.5771595e+003  2.8800000e+000
  9.9600000e+001  3.5807638e+003  2.7400000e+000
  9.9690000e+001  3.5840128e+003  2.9200000e+000
  9.9690000e+001  3.5840128e+003  3.1200000e+000
  9.9770000e+001  3.5869017e+003  3.2900000e+000
  9.9850000e+001  3.5897878e+003  3.2900000e+000
  9.9930000e+001  3.5926709e+003  3.4200000e+000
  1.0000000e+002  3.5951936e+003  3.2300000e+000
  1.0008000e+002  3.5980782e+003  3.2000000e+000
  1.0016000e+002  3.6009630e+003  3.2400000e+000
  1.0025000e+002  3.6042106e+003  3.2100000e+000
  1.0034000e+002  3.6074606e+003  3.1600000e+000
  1.0043000e+002  3.6107094e+003  3.2100000e+000
  1.0053000e+002  3.6143155e+003  3.2900000e+000
  1.0063000e+002  3.6178801e+003  3.4600000e+000
  1.0074000e+002  3.6216646e+003  3.4700000e+000
  1.0084000e+002  3.6251050e+003  3.6200000e+000
  1.0095000e+002  3.6288895e+003  3.6700000e+000
  1.0105000e+002  3.6323299e+003  3.4600000e+000
  1.0115000e+002  3.6357704e+003  3.3000000e+000
  1.0124000e+002  3.6388668e+003  3.2800000e+000
  1.0134000e+002  3.6423072e+003  3.2200000e+000
  1.0144000e+002  3.6457471e+003  3.0800000e+000
  1.0153000e+002  3.6488324e+003  3.1200000e+000
  1.0163000e+002  3.6522604e+003  3.2500000e+000
  1.0173000e+002  3.6556899e+003  3.2600000e+000
  1.0183000e+002  3.6591267e+003  3.4100000e+000
  1.0193000e+002  3.6625635e+003  3.7000000e+000
  1.0203000e+002  3.6660018e+003  3.7300000e+000
  1.0213000e+002  3.6694422e+003  3.5100000e+000
  1.0223000e+002  3.6728826e+003  3.4400000e+000
  1.0233000e+002  3.6763231e+003  3.3600000e+000
  1.0244000e+002  3.6801075e+003  3.2700000e+000
  1.0261000e+002  3.6859482e+003  2.8900000e+000
  1.0271000e+002  3.6893763e+003  3.1500000e+000
  1.0281000e+002  3.6928044e+003  3.0000000e+000
  1.0301000e+002  3.6996836e+003  3.0500000e+000
  1.0311000e+002  3.7031237e+003  3.0200000e+000
  1.0321000e+002  3.7065605e+003  3.1400000e+000
  1.0328000e+002  3.7089663e+003  3.1000000e+000
  1.0335000e+002  3.7113721e+003  3.3700000e+000
  1.0341000e+002  3.7134917e+003  3.4300000e+000
  1.0352000e+002  3.7174639e+003  3.2600000e+000
  1.0368000e+002  3.7232417e+003  2.7300000e+000
  1.0382000e+002  3.7282948e+003  2.9500000e+000
  1.0392000e+002  3.7319009e+003  2.9800000e+000
  1.0393000e+002  3.7322615e+003  3.0700000e+000
  1.0393000e+002  3.7322615e+003  3.1500000e+000
  1.0430000e+002  3.7456139e+003  3.3400000e+000
  1.0457000e+002  3.7553606e+003  3.4600000e+000
  1.0472000e+002  3.7607772e+003  3.1300000e+000
  1.0483000e+002  3.7647461e+003  3.2000000e+000
  1.0494000e+002  3.7687127e+003  2.9700000e+000
  1.0508000e+002  3.7737672e+003  3.0900000e+000
  1.0528000e+002  3.7809833e+003  2.9200000e+000
  1.0551000e+002  3.7892850e+003  3.1800000e+000
  1.0568000e+002  3.7954239e+003  3.0800000e+000
  1.0582000e+002  3.8004761e+003  3.0300000e+000
  1.0595000e+002  3.8051639e+003  3.0500000e+000
  1.0609000e+002  3.8102194e+003  3.1700000e+000
  1.0625000e+002  3.8159921e+003  3.1700000e+000
  1.0640000e+002  3.8214039e+003  2.9700000e+000
  1.0654000e+002  3.8264594e+003  3.3200000e+000
  1.0667000e+002  3.8311539e+003  3.3200000e+000
  1.0678000e+002  3.8351242e+003  3.1700000e+000
  1.0689000e+002  3.8390909e+003  3.0200000e+000
  1.0702000e+002  3.8437684e+003  2.7900000e+000
  1.0719000e+002  3.8498830e+003  2.9300000e+000
  1.0739000e+002  3.8570978e+003  2.9900000e+000
  1.0759000e+002  3.8643200e+003  2.9100000e+000
  1.0775000e+002  3.8700970e+003  3.1700000e+000
  1.0789000e+002  3.8751455e+003  3.4600000e+000
  1.0800000e+002  3.8791156e+003  3.1200000e+000
  1.0811000e+002  3.8830878e+003  3.1400000e+000
  1.0822000e+002  3.8870555e+003  3.0800000e+000
  1.0835000e+002  3.8917444e+003  2.9700000e+000
  1.0848000e+002  3.8964389e+003  3.0500000e+000
  1.0863000e+002  3.9018556e+003  3.0800000e+000
  1.0879000e+002  3.9076300e+003  2.9900000e+000
  1.0897000e+002  3.9141233e+003  3.4800000e+000
  1.0915000e+002  3.9206697e+003  3.2400000e+000
  1.0932000e+002  3.9271735e+003  3.0200000e+000
  1.0948000e+002  3.9335800e+003  2.9700000e+000
  1.0962000e+002  3.9391800e+003  2.9500000e+000
  1.0977000e+002  3.9452300e+003  3.1400000e+000
  1.0991000e+002  3.9508332e+003  3.1500000e+000
  1.1005000e+002  3.9564400e+003  3.1300000e+000
  1.1019000e+002  3.9620400e+003  3.2000000e+000
  1.1034000e+002  3.9680493e+003  3.1300000e+000
  1.1050000e+002  3.9744929e+003  3.1400000e+000
  1.1067000e+002  3.9813000e+003  3.1900000e+000
  1.1085000e+002  3.9885023e+003  3.2800000e+000
  1.1102000e+002  3.9953364e+003  3.3200000e+000
  1.1118000e+002  4.0017600e+003  3.2900000e+000
  1.1131000e+002  4.0069600e+003  3.1500000e+000
  1.1144000e+002  4.0121619e+003  3.1000000e+000
  1.1155000e+002  4.0165747e+003  3.1800000e+000
  1.1167000e+002  4.0213697e+003  3.1800000e+000
  1.1180000e+002  4.0262427e+003  3.3100000e+000
  1.1196000e+002  4.0322658e+003  3.1800000e+000
  1.1213000e+002  4.0386400e+003  3.3000000e+000
  1.1229000e+002  4.0446650e+003  3.2500000e+000
  1.1243000e+002  4.0499128e+003  3.1000000e+000
  1.1257000e+002  4.0551820e+003  3.1100000e+000
  1.1292000e+002  4.0683352e+003  3.1300000e+000
  1.1302000e+002  4.0721067e+003  3.2200000e+000
  1.1312000e+002  4.0758669e+003  3.2300000e+000
  1.1323000e+002  4.0799832e+003  3.2200000e+000
  1.1333000e+002  4.0837527e+003  3.2800000e+000
  1.1343000e+002  4.0875149e+003  3.2800000e+000
  1.1353000e+002  4.0912570e+003  3.0300000e+000
  1.1363000e+002  4.0950214e+003  3.3500000e+000
  1.1373000e+002  4.0987925e+003  3.1400000e+000
  1.1382000e+002  4.1021818e+003  3.1800000e+000
  1.1392000e+002  4.1059392e+003  3.1900000e+000
  1.1401000e+002  4.1093128e+003  3.1500000e+000
  1.1409000e+002  4.1123218e+003  3.1200000e+000
  1.1418000e+002  4.1157111e+003  3.1400000e+000
  1.1426000e+002  4.1187114e+003  3.0500000e+000
  1.1442000e+002  4.1247214e+003  3.2600000e+000
  1.1451000e+002  4.1281109e+003  3.2100000e+000
  1.1464000e+002  4.1330147e+003  2.8100000e+000
  1.1487000e+002  4.1416429e+003  2.9200000e+000
  1.1500000e+002  4.1465410e+003  3.3600000e+000
  1.1513000e+002  4.1514058e+003  3.4200000e+000
  1.1533000e+002  4.1589375e+003  3.0900000e+000
  1.1548000e+002  4.1645576e+003  3.1600000e+000
  1.1562000e+002  4.1698383e+003  3.2600000e+000
  1.1578000e+002  4.1758624e+003  2.9400000e+000
  1.1591000e+002  4.1807353e+003  3.1200000e+000
  1.1606000e+002  4.1863803e+003  3.0800000e+000
  1.1626000e+002  4.1938842e+003  3.1000000e+000
  1.1644000e+002  4.2006570e+003  2.9900000e+000
  1.1657000e+002  4.2055306e+003  3.2100000e+000
  1.1670000e+002  4.2104262e+003  2.9700000e+000
  1.1686000e+002  4.2164601e+003  3.0200000e+000
  1.1701000e+002  4.2220799e+003  3.1400000e+000
  1.1716000e+002  4.2277289e+003  3.0500000e+000
  1.1731000e+002  4.2333538e+003  3.0400000e+000
  1.1746000e+002  4.2389976e+003  2.9800000e+000
  1.1761000e+002  4.2446499e+003  3.1700000e+000
  1.1776000e+002  4.2502836e+003  3.1100000e+000
  1.1791000e+002  4.2559197e+003  3.1100000e+000
  1.1806000e+002  4.2615564e+003  3.1600000e+000
  1.1821000e+002  4.2671895e+003  3.3500000e+000
  1.1835000e+002  4.2724543e+003  3.3100000e+000
  1.1866000e+002  4.2841103e+003  3.0800000e+000
  1.1881000e+002  4.2897604e+003  3.1000000e+000
  1.1896000e+002  4.2953790e+003  3.1800000e+000
  1.1911000e+002  4.3010342e+003  2.9800000e+000
  1.1926000e+002  4.3066461e+003  2.6700000e+000
  1.1941000e+002  4.3120628e+003  3.0000000e+000
  1.1956000e+002  4.3174742e+003  2.9100000e+000
  1.1971000e+002  4.3228861e+003  3.1200000e+000
  1.1986000e+002  4.3282908e+003  3.1000000e+000
  1.2001000e+002  4.3334515e+003  2.7300000e+000
  1.2016000e+002  4.3384725e+003  2.9300000e+000
  1.2032000e+002  4.3432920e+003  3.0300000e+000
  1.2046000e+002  4.3475067e+003  3.0500000e+000
  1.2061000e+002  4.3515584e+003  2.7300000e+000
  1.2076000e+002  4.3555001e+003  3.0000000e+000
  1.2091000e+002  4.3594451e+003  3.2000000e+000
  1.2106000e+002  4.3633915e+003  2.8200000e+000
  1.2122000e+002  4.3676009e+003  3.1100000e+000
  1.2136000e+002  4.3712842e+003  3.1100000e+000
  1.2151000e+002  4.3752306e+003  3.0900000e+000
  1.2166000e+002  4.3791769e+003  3.0400000e+000
  1.2181000e+002  4.3830559e+003  3.0000000e+000
  1.2226000e+002  4.3939586e+003  2.6700000e+000
  1.2241000e+002  4.3971800e+003  3.0300000e+000
  1.2256000e+002  4.3999968e+003  3.1600000e+000
  1.2271000e+002  4.4027036e+003  3.1300000e+000
  1.2286000e+002  4.4054158e+003  3.0800000e+000
  1.2317000e+002  4.4110053e+003  3.1600000e+000
  1.2330000e+002  4.4133492e+003  2.9300000e+000
  1.2346000e+002  4.4162342e+003  2.9400000e+000
  1.2751000e+002  4.4735174e+003  3.0900000e+000
  1.2771000e+002  4.4759111e+003  3.0000000e+000
  1.2791000e+002  4.4783243e+003  3.1800000e+000
  1.2831000e+002  4.4831324e+003  3.1900000e+000
  1.2851000e+002  4.4855365e+003  3.2600000e+000
  1.2891000e+002  4.4903545e+003  3.2600000e+000
  1.2931000e+002  4.4951626e+003  3.2800000e+000
  1.2951000e+002  4.4975667e+003  3.2300000e+000
  1.2971000e+002  4.4999725e+003  3.1900000e+000
  1.3031000e+002  4.5073176e+003  3.1300000e+000
  1.3051000e+002  4.5108109e+003  3.1600000e+000
  1.3071000e+002  4.5147500e+003  3.2800000e+000
  1.3091000e+002  4.5187682e+003  2.9800000e+000
  1.3111000e+002  4.5232903e+003  3.1800000e+000
  1.3131000e+002  4.5278032e+003  3.5200000e+000
  1.3171000e+002  4.5368189e+003  3.0900000e+000
  1.3191000e+002  4.5413379e+003  3.0900000e+000
  1.3211000e+002  4.5458428e+003  3.1100000e+000
  1.3231000e+002  4.5503622e+003  3.1300000e+000
  1.3251000e+002  4.5548597e+003  3.1800000e+000
  1.3271000e+002  4.5593735e+003  3.2500000e+000
  1.3281000e+002  4.5616256e+003  3.1900000e+000
  1.3291000e+002  4.5638851e+003  3.5900000e+000
  1.3301000e+002  4.5661446e+003  3.2100000e+000
  1.3309000e+002  4.5679522e+003  3.5400000e+000
  1.3321000e+002  4.5706564e+003  3.2400000e+000
  1.3341000e+002  4.5751699e+003  3.2900000e+000
  1.3361000e+002  4.5796663e+003  3.3500000e+000
  1.3381000e+002  4.5841889e+003  3.0400000e+000
  1.3401000e+002  4.5887004e+003  3.2600000e+000
  1.3421000e+002  4.5932107e+003  3.2100000e+000
  1.3441000e+002  4.5977171e+003  3.2500000e+000
  1.3461000e+002  4.6022270e+003  3.2400000e+000
  1.3481000e+002  4.6067391e+003  3.1400000e+000
  1.3501000e+002  4.6112615e+003  3.2700000e+000
  1.3521000e+002  4.6157578e+003  3.3000000e+000
  1.3541000e+002  4.6202711e+003  3.3400000e+000
  1.3561000e+002  4.6247832e+003  3.3600000e+000
  1.3581000e+002  4.6292802e+003  3.2100000e+000
  1.3601000e+002  4.6338086e+003  3.0800000e+000
  1.3621000e+002  4.6383162e+003  3.1100000e+000
  1.3661000e+002  4.6473304e+003  3.0800000e+000
  1.3701000e+002  4.6563614e+003  3.2200000e+000
  1.3721000e+002  4.6608747e+003  3.0400000e+000
  1.3761000e+002  4.6698925e+003  3.0900000e+000
  1.3781000e+002  4.6743965e+003  3.0300000e+000
  1.3801000e+002  4.6785615e+003  3.1000000e+000
  1.3821000e+002  4.6823750e+003  3.1600000e+000
  1.3841000e+002  4.6856144e+003  3.1600000e+000
  1.3861000e+002  4.6880185e+003  3.2700000e+000
  1.3881000e+002  4.6904238e+003  3.2500000e+000
  1.3901000e+002  4.6928366e+003  3.2300000e+000
  1.3921000e+002  4.6952406e+003  3.0600000e+000
  1.3961000e+002  4.7000487e+003  3.2600000e+000
  1.4041000e+002  4.7096748e+003  3.1900000e+000
  1.4081000e+002  4.7144853e+003  3.1200000e+000
  1.4101000e+002  4.7168970e+003  3.2700000e+000
  1.4301000e+002  4.7468292e+003  3.2100000e+000
  1.4321000e+002  4.7504408e+003  3.2300000e+000
  1.4341000e+002  4.7540514e+003  3.1900000e+000
  1.4381000e+002  4.7612693e+003  3.0700000e+000
  1.4401000e+002  4.7651100e+003  3.4000000e+000
  1.4421000e+002  4.7696816e+003  3.4300000e+000
  1.4441000e+002  4.7745318e+003  3.2800000e+000
  1.4461000e+002  4.7795452e+003  3.1700000e+000
  1.4481000e+002  4.7848071e+003  3.1600000e+000
  1.4501000e+002  4.7903980e+003  3.0700000e+000
  1.4521000e+002  4.7964075e+003  3.0800000e+000
  1.4541000e+002  4.8024270e+003  3.0600000e+000
  1.4561000e+002  4.8084365e+003  3.3300000e+000
  1.4581000e+002  4.8140964e+003  3.3800000e+000
  1.4601000e+002  4.8193519e+003  3.1900000e+000
  1.4621000e+002  4.8246278e+003  3.0900000e+000
  1.4641000e+002  4.8299012e+003  3.0900000e+000
  1.4661000e+002  4.8351630e+003  3.2500000e+000
  1.4680000e+002  4.8401575e+003  3.3700000e+000
  1.4721000e+002  4.8509385e+003  3.4500000e+000
  1.4741000e+002  4.8562003e+003  3.3200000e+000
  1.4761000e+002  4.8614621e+003  3.3700000e+000
  1.4781000e+002  4.8667240e+003  3.1400000e+000
  1.4821000e+002  4.8772389e+003  3.2100000e+000
  1.4861000e+002  4.8877876e+003  3.5100000e+000
  1.4881000e+002  4.8930494e+003  3.5500000e+000
  1.4901000e+002  4.8983073e+003  3.2400000e+000
  1.4921000e+002  4.9035631e+003  3.1800000e+000
  1.4941000e+002  4.9088249e+003  3.2400000e+000
  1.4981000e+002  4.9193486e+003  3.2100000e+000
  1.5001000e+002  4.9246049e+003  3.3200000e+000
  1.5021000e+002  4.9298672e+003  3.4100000e+000
  1.5041000e+002  4.9351456e+003  3.4200000e+000
  1.5061000e+002  4.9404122e+003  3.2200000e+000
  1.5081000e+002  4.9456740e+003  3.1700000e+000
  1.5101000e+002  4.9509359e+003  3.1900000e+000
  1.5121000e+002  4.9561943e+003  3.2000000e+000
  1.5141000e+002  4.9614498e+003  3.2400000e+000
  1.5161000e+002  4.9667114e+003  3.2300000e+000
