  1.0500000e-001  0.0000000e+000  3.2800000e+000
  2.0500000e-001  5.5942889e+000  3.4200000e+000
  3.0500000e-001  1.0247918e+001  3.9700000e+000
  4.0500000e-001  1.3903934e+001  4.4600000e+000
  5.0500000e-001  1.6249746e+001  4.5800000e+000
  6.0500000e-001  1.8436780e+001  5.2300000e+000
  7.0500000e-001  2.0521873e+001  5.1100000e+000
  8.0500000e-001  2.2606952e+001  5.0500000e+000
  8.0500000e-001  2.2606952e+001  4.9900000e+000
  9.0500000e-001  2.4692079e+001  4.9000000e+000
  1.0050000e+000  2.6777219e+001  4.9800000e+000
  1.1050000e+000  2.8862364e+001  4.6200000e+000
  1.2050000e+000  3.0947542e+001  4.8100000e+000
  1.3050000e+000  3.3032720e+001  4.5800000e+000
  1.3050000e+000  3.3032720e+001  4.5500000e+000
  1.4050000e+000  3.5117723e+001  4.5900000e+000
  1.7050000e+000  4.1373166e+001  4.5400000e+000
  1.8050000e+000  4.3458201e+001  4.4900000e+000
  1.9050000e+000  4.5543272e+001  4.1900000e+000
  2.0050000e+000  4.7628450e+001  4.5500000e+000
  2.1050000e+000  4.9713628e+001  4.4700000e+000
  2.2050000e+000  5.1798806e+001  4.2900000e+000
  2.3050000e+000  5.3883975e+001  4.4200000e+000
  2.3050000e+000  5.3883975e+001  4.4900000e+000
  2.4050000e+000  5.5968964e+001  4.5000000e+000
  2.5050000e+000  5.8301141e+001  4.4100000e+000
  2.6050000e+000  6.0646932e+001  4.7400000e+000
  2.7050000e+000  6.2992721e+001  4.7300000e+000
  2.8050000e+000  6.5338421e+001  4.6800000e+000
  2.9050000e+000  6.7771283e+001  4.5300000e+000
  2.9050000e+000  6.7771283e+001  4.5400000e+000
  2.9950000e+000  7.0023275e+001  4.4500000e+000
  3.1050000e+000  7.3230638e+001  4.2700000e+000
  3.2050000e+000  7.6358441e+001  3.9600000e+000
  3.3050000e+000  7.9486057e+001  4.0200000e+000
  3.3050000e+000  7.9486057e+001  3.8600000e+000
  3.4050000e+000  8.2613617e+001  3.9500000e+000
  3.5050000e+000  8.5741348e+001  4.2600000e+000
  3.5050000e+000  8.5741348e+001  4.2500000e+000
  3.7050000e+000  9.0764143e+001  4.0600000e+000
  4.0050000e+000  9.8270553e+001  3.7400000e+000
  4.1050000e+000  1.0077264e+002  4.1600000e+000
  4.1050000e+000  1.0077264e+002  3.8500000e+000
  4.2050000e+000  1.0327458e+002  3.8000000e+000
  4.3050000e+000  1.0577668e+002  4.2200000e+000
  4.3050000e+000  1.0577668e+002  4.0400000e+000
  4.4950000e+000  1.1053093e+002  4.3000000e+000
  4.6050000e+000  1.1328348e+002  3.9900000e+000
  4.7050000e+000  1.1640690e+002  3.5900000e+000
  4.7050000e+000  1.1640690e+002  3.7900000e+000
  4.8050000e+000  1.1994913e+002  3.2800000e+000
  4.9050000e+000  1.2385842e+002  3.5800000e+000
  4.9050000e+000  1.2385842e+002  3.0500000e+000
  5.0050000e+000  1.2776796e+002  3.0800000e+000
  5.0050000e+000  1.2776796e+002  4.0100000e+000
  5.1050000e+000  1.3167750e+002  4.1000000e+000
  5.2050000e+000  1.3547866e+002  4.9300000e+000
  5.3050000e+000  1.3812319e+002  5.0100000e+000
  5.4050000e+000  1.4062538e+002  4.9800000e+000
  5.5050000e+000  1.4297983e+002  5.0700000e+000
  5.6050000e+000  1.4532541e+002  4.9800000e+000
  5.7050000e+000  1.4766678e+002  4.9600000e+000
  5.8050000e+000  1.4975186e+002  4.8800000e+000
  5.9050000e+000  1.5164585e+002  4.1700000e+000
  5.9950000e+000  1.5333517e+002  4.6800000e+000
  6.2050000e+000  1.5727573e+002  4.8700000e+000
  6.3050000e+000  1.5915210e+002  4.6600000e+000
  6.4050000e+000  1.6102874e+002  4.6700000e+000
  6.5050000e+000  1.6290576e+002  4.8900000e+000
  6.5100000e+000  1.6299961e+002  4.8100000e+000
  6.6050000e+000  1.6490724e+002  4.7500000e+000
  6.6050000e+000  1.6490724e+002  4.5400000e+000
  6.6100000e+000  1.6501146e+002  4.6800000e+000
  6.7100000e+000  1.6724046e+002  4.4100000e+000
  6.7100000e+000  1.6724046e+002  4.4000000e+000
  6.8100000e+000  1.6960046e+002  4.2300000e+000
  6.8100000e+000  1.6960046e+002  4.2900000e+000
  6.9100000e+000  1.7210278e+002  4.4800000e+000
  7.0100000e+000  1.7460496e+002  3.8700000e+000
  7.1100000e+000  1.7710674e+002  4.5000000e+000
  7.2100000e+000  1.7960869e+002  4.6400000e+000
  7.3100000e+000  1.8211088e+002  4.4900000e+000
  7.5100000e+000  1.8711547e+002  4.3800000e+000
  7.5100000e+000  1.8711547e+002  4.3300000e+000
  7.6100000e+000  1.8961779e+002  4.2400000e+000
  7.7100000e+000  1.9212011e+002  3.6300000e+000
  7.8100000e+000  1.9462179e+002  3.9500000e+000
  7.8100000e+000  1.9462179e+002  3.6400000e+000
  7.9100000e+000  1.9719354e+002  3.7300000e+000
  8.0100000e+000  2.0032177e+002  3.4100000e+000
  8.1100000e+000  2.0344931e+002  3.7400000e+000
  8.2100000e+000  2.0657685e+002  3.6700000e+000
  8.3100000e+000  2.0942155e+002  3.6400000e+000
  8.5100000e+000  2.1442586e+002  3.4600000e+000
  8.6100000e+000  2.1692763e+002  3.5100000e+000
  8.7100000e+000  2.1942974e+002  3.8200000e+000
  8.8100000e+000  2.2193192e+002  4.4100000e+000
  8.8100000e+000  2.2193192e+002  4.6100000e+000
  8.8100000e+000  2.2193192e+002  4.4500000e+000
  9.0100000e+000  2.2693656e+002  4.4400000e+000
  9.1100000e+000  2.2943889e+002  4.3000000e+000
  9.2100000e+000  2.3213159e+002  4.3900000e+000
  9.3100000e+000  2.3542106e+002  3.8300000e+000
  9.4100000e+000  2.3933059e+002  3.2200000e+000
  9.5100000e+000  2.4324064e+002  3.6400000e+000
  9.5100000e+000  2.4324064e+002  4.2600000e+000
  9.6100000e+000  2.4693143e+002  4.4600000e+000
  9.7100000e+000  2.4948725e+002  4.4500000e+000
  9.8100000e+000  2.5197620e+002  4.7500000e+000
  1.0010000e+001  2.5650551e+002  4.6500000e+000
  1.0025000e+001  2.5681824e+002  4.8400000e+000
  1.0110000e+001  2.5859030e+002  4.6500000e+000
  1.0125000e+001  2.5890300e+002  4.5100000e+000
  1.0125000e+001  2.5890300e+002  4.3800000e+000
  1.0210000e+001  2.6067580e+002  4.4700000e+000
  1.0215000e+001  2.6078013e+002  4.5700000e+000
  1.0310000e+001  2.6276178e+002  4.5800000e+000
  1.0325000e+001  2.6307449e+002  4.5600000e+000
  1.0410000e+001  2.6484648e+002  4.5100000e+000
  1.0425000e+001  2.6515919e+002  4.7000000e+000
  1.0510000e+001  2.6693131e+002  4.7200000e+000
  1.0510000e+001  2.6693131e+002  4.6500000e+000
  1.0525000e+001  2.6724416e+002  4.7900000e+000
  1.0525000e+001  2.6724416e+002  4.6000000e+000
  1.0610000e+001  2.6901696e+002  4.6900000e+000
  1.0710000e+001  2.7110166e+002  4.5200000e+000
  1.0725000e+001  2.7141437e+002  4.7200000e+000
  1.0810000e+001  2.7318636e+002  4.6200000e+000
  1.0910000e+001  2.7527106e+002  4.4400000e+000
  1.0925000e+001  2.7558377e+002  4.6400000e+000
  1.1325000e+001  2.8465269e+002  4.0400000e+000
  1.1425000e+001  2.8699911e+002  4.2800000e+000
  1.1525000e+001  2.8934501e+002  4.4300000e+000
  1.1525000e+001  2.8934501e+002  4.2900000e+000
  1.1625000e+001  2.9168996e+002  4.2300000e+000
  1.1715000e+001  2.9380233e+002  4.5400000e+000
  1.1825000e+001  2.9638319e+002  4.2400000e+000
  1.1925000e+001  2.9872814e+002  4.3400000e+000
  1.2025000e+001  3.0107308e+002  4.4200000e+000
  1.2025000e+001  3.0107308e+002  3.9800000e+000
  1.2225000e+001  3.0577959e+002  4.5800000e+000
  1.2425000e+001  3.1094175e+002  3.6500000e+000
  1.2525000e+001  3.1406873e+002  3.7000000e+000
  1.2625000e+001  3.1719870e+002  3.8600000e+000
  1.2725000e+001  3.2032522e+002  3.2600000e+000
  1.2825000e+001  3.2345254e+002  3.3200000e+000
  1.2925000e+001  3.2658072e+002  3.3100000e+000
  1.3025000e+001  3.2970940e+002  2.9400000e+000
  1.3125000e+001  3.3283608e+002  3.0600000e+000
  1.3125000e+001  3.3283608e+002  3.3300000e+000
  1.3215000e+001  3.3558482e+002  4.0600000e+000
  1.3215000e+001  3.3558482e+002  4.0500000e+000
  1.3425000e+001  3.4084062e+002  4.7500000e+000
  1.3425000e+001  3.4084062e+002  4.6100000e+000
  1.3525000e+001  3.4334226e+002  4.9700000e+000
  1.3625000e+001  3.4575834e+002  4.1600000e+000
  1.3725000e+001  3.4810342e+002  4.5800000e+000
  1.3825000e+001  3.5044997e+002  4.5900000e+000
  1.3925000e+001  3.5279594e+002  4.5400000e+000
  1.4025000e+001  3.5514171e+002  4.6800000e+000
  1.4325000e+001  3.6217880e+002  4.5800000e+000
  1.4425000e+001  3.6452443e+002  4.6300000e+000
  1.4425000e+001  3.6452443e+002  4.5400000e+000
  1.4525000e+001  3.6687076e+002  4.4200000e+000
  1.4625000e+001  3.6921683e+002  4.4600000e+000
  1.4715000e+001  3.7132728e+002  4.3600000e+000
  1.4825000e+001  3.7390729e+002  4.3000000e+000
  1.4925000e+001  3.7625326e+002  4.2400000e+000
  1.5025000e+001  3.7859981e+002  4.4300000e+000
  1.5125000e+001  3.8094490e+002  3.9600000e+000
  1.5225000e+001  3.8329087e+002  4.3500000e+000
  1.5325000e+001  3.8563810e+002  4.0900000e+000
  1.5325000e+001  3.8563810e+002  3.9800000e+000
  1.5425000e+001  3.8798308e+002  4.0400000e+000
  1.5525000e+001  3.9032803e+002  4.1000000e+000
  1.5525000e+001  3.9032803e+002  3.9800000e+000
  1.5625000e+001  3.9267310e+002  3.8100000e+000
  1.5725000e+001  3.9502033e+002  3.8800000e+000
  1.5825000e+001  3.9745897e+002  3.4600000e+000
  1.5925000e+001  3.9996061e+002  3.5600000e+000
  1.5925000e+001  3.9996061e+002  3.6800000e+000
  1.6025000e+001  4.0324881e+002  3.0500000e+000
  1.6125000e+001  4.0715995e+002  3.0500000e+000
  1.6215000e+001  4.1067776e+002  3.0300000e+000
  1.6325000e+001  4.1497739e+002  3.4300000e+000
  1.6425000e+001  4.1888263e+002  3.6400000e+000
  1.6425000e+001  4.1888263e+002  3.8900000e+000
  1.6525000e+001  4.2161042e+002  4.0200000e+000
  1.6525000e+001  4.2161042e+002  4.8700000e+000
  1.6625000e+001  4.2411343e+002  3.3100000e+000
  1.6625000e+001  4.2411343e+002  4.0700000e+000
  1.6725000e+001  4.2661533e+002  3.9100000e+000
  1.6825000e+001  4.2911697e+002  5.2900000e+000
  1.6925000e+001  4.3146662e+002  5.0100000e+000
  1.7125000e+001  4.3576249e+002  5.1100000e+000
  1.7225000e+001  4.3784780e+002  4.8800000e+000
  1.7225000e+001  4.3784780e+002  4.9600000e+000
  1.7325000e+001  4.3988721e+002  4.5700000e+000
  1.7425000e+001  4.4176317e+002  4.6000000e+000
  1.7525000e+001  4.4351576e+002  4.3300000e+000
  1.7625000e+001  4.4487250e+002  4.5800000e+000
  1.7715000e+001  4.4599885e+002  4.5900000e+000
  1.7815000e+001  4.4724985e+002  3.9700000e+000
  1.7825000e+001  4.4737493e+002  4.8000000e+000
  1.7915000e+001  4.4850067e+002  5.2400000e+000
  1.7915000e+001  4.4850067e+002  5.2400000e+000
  1.8065000e+001  4.5037786e+002  5.0300000e+000
  1.8115000e+001  4.5100356e+002  5.1800000e+000
  1.8245000e+001  4.5262963e+002  4.9800000e+000
  1.8515000e+001  4.5718282e+002  4.6800000e+000
  1.8615000e+001  4.5905928e+002  4.6000000e+000
  1.8715000e+001  4.6093523e+002  4.5800000e+000
  1.8835000e+001  4.6318746e+002  4.7000000e+000
  1.8835000e+001  4.6318746e+002  4.7900000e+000
  1.9015000e+001  4.6677873e+002  4.6200000e+000
  1.9115000e+001  4.6910505e+002  4.4500000e+000
  1.9215000e+001  4.7152314e+002  4.3900000e+000
  1.9315000e+001  4.7402560e+002  4.6900000e+000
  1.9315000e+001  4.7402560e+002  4.5200000e+000
  1.9415000e+001  4.7652754e+002  4.0800000e+000
  1.9575000e+001  4.8053071e+002  4.0700000e+000
  1.9575000e+001  4.8053071e+002  4.1400000e+000
  1.9805000e+001  4.8628643e+002  3.7200000e+000
  1.9805000e+001  4.8628643e+002  3.8700000e+000
  1.9915000e+001  4.8912810e+002  3.7100000e+000
  1.9915000e+001  4.8912810e+002  3.5700000e+000
  2.0005000e+001  4.9194221e+002  3.6300000e+000
  2.0105000e+001  4.9507202e+002  3.7400000e+000
  2.0215000e+001  4.9851187e+002  3.7100000e+000
  2.0315000e+001  5.0163896e+002  3.6800000e+000
  2.0405000e+001  5.0445307e+002  3.8200000e+000
  2.0505000e+001  5.0758288e+002  4.0200000e+000
  2.0705000e+001  5.1383723e+002  4.1400000e+000
  2.0705000e+001  5.1383723e+002  3.8700000e+000
  2.0805000e+001  5.1696364e+002  4.0500000e+000
  2.0905000e+001  5.2079338e+002  3.7500000e+000
  2.1065000e+001  5.2704845e+002  3.9000000e+000
  2.1065000e+001  5.2704845e+002  3.9900000e+000
  2.1085000e+001  5.2783014e+002  4.0300000e+000
  2.1105000e+001  5.2861184e+002  3.8500000e+000
  2.1135000e+001  5.2978528e+002  4.3400000e+000
  2.1185000e+001  5.3174119e+002  4.0500000e+000
  2.1205000e+001  5.3252356e+002  3.7200000e+000
  2.1235000e+001  5.3369711e+002  4.1900000e+000
  2.1285000e+001  5.3565199e+002  4.5800000e+000
  2.1285000e+001  5.3565199e+002  4.6200000e+000
  2.1305000e+001  5.3643369e+002  4.2000000e+000
  2.1305000e+001  5.3643369e+002  4.5400000e+000
  2.1335000e+001  5.3760623e+002  4.4900000e+000
  2.1335000e+001  5.3760623e+002  4.5500000e+000
  2.1385000e+001  5.3956046e+002  4.5900000e+000
  2.1435000e+001  5.4124698e+002  4.6200000e+000
  2.1485000e+001  5.4281083e+002  4.7900000e+000
  2.1535000e+001  5.4437433e+002  4.6100000e+000
  2.1535000e+001  5.4437433e+002  4.7400000e+000
  2.1585000e+001  5.4593751e+002  4.6500000e+000
  2.1635000e+001  5.4750200e+002  4.6000000e+000
  2.1685000e+001  5.4906732e+002  4.6200000e+000
  2.1685000e+001  5.4906732e+002  4.6800000e+000
  2.1735000e+001  5.5063116e+002  4.5900000e+000
  2.1785000e+001  5.5219450e+002  4.5300000e+000
  2.1835000e+001  5.5375784e+002  4.3600000e+000
  2.1885000e+001  5.5532168e+002  4.3900000e+000
  2.1935000e+001  5.5688452e+002  4.2500000e+000
  2.1985000e+001  5.5844833e+002  4.1200000e+000
  2.1985000e+001  5.5844833e+002  4.3300000e+000
  2.2035000e+001  5.6001258e+002  4.3000000e+000
  2.2085000e+001  5.6157817e+002  4.0500000e+000
  2.2235000e+001  5.6626870e+002  3.5900000e+000
  2.2295000e+001  5.6814455e+002  4.0900000e+000
  2.2385000e+001  5.7075399e+002  4.3100000e+000
  2.2435000e+001  5.7200549e+002  3.6700000e+000
  2.2485000e+001  5.7325699e+002  3.4300000e+000
  2.2535000e+001  5.7450850e+002  3.2500000e+000
  2.2585000e+001  5.7575932e+002  3.4300000e+000
  2.2635000e+001  5.7701014e+002  3.4200000e+000
  2.2685000e+001  5.7826096e+002  3.4300000e+000
  2.2735000e+001  5.7951201e+002  3.4700000e+000
  2.2785000e+001  5.8076351e+002  3.6200000e+000
  2.2785000e+001  5.8076351e+002  4.5600000e+000
  2.2835000e+001  5.8201502e+002  4.2300000e+000
  2.2885000e+001  5.8326652e+002  4.1000000e+000
  2.2935000e+001  5.8472973e+002  4.4300000e+000
  2.2985000e+001  5.8629357e+002  3.9700000e+000
  2.3035000e+001  5.8785642e+002  4.3300000e+000
  2.3035000e+001  5.8785642e+002  4.4200000e+000
  2.3135000e+001  5.9098349e+002  3.9700000e+000
  2.3235000e+001  5.9411391e+002  3.9100000e+000
  2.3335000e+001  5.9724059e+002  4.1400000e+000
  2.3385000e+001  5.9880366e+002  4.0700000e+000
  2.3435000e+001  6.0036727e+002  4.1200000e+000
  2.3435000e+001  6.0036727e+002  3.9000000e+000
  2.3485000e+001  6.0193107e+002  4.1600000e+000
  2.3485000e+001  6.0193107e+002  4.1100000e+000
  2.3535000e+001  6.0358743e+002  3.9800000e+000
  2.3585000e+001  6.0554300e+002  4.5000000e+000
  2.3635000e+001  6.0749857e+002  3.8400000e+000
  2.3685000e+001  6.0945383e+002  3.4800000e+000
  2.3735000e+001  6.1140840e+002  3.8200000e+000
  2.3735000e+001  6.1140840e+002  3.7800000e+000
  2.3785000e+001  6.1336298e+002  3.7400000e+000
  2.3835000e+001  6.1531743e+002  3.5200000e+000
  2.3835000e+001  6.1531743e+002  3.3400000e+000
  2.3885000e+001  6.1727166e+002  3.5800000e+000
  2.3935000e+001  6.1922590e+002  3.6800000e+000
  2.3985000e+001  6.2118074e+002  3.9900000e+000
  2.4035000e+001  6.2313631e+002  5.1700000e+000
  2.4085000e+001  6.2509188e+002  4.8400000e+000
  2.4135000e+001  6.2684003e+002  5.2200000e+000
  2.4185000e+001  6.2815394e+002  5.2000000e+000
  2.4235000e+001  6.2940448e+002  5.2000000e+000
  2.4285000e+001  6.3065503e+002  5.1900000e+000
  2.4335000e+001  6.3190571e+002  5.2100000e+000
  2.4385000e+001  6.3315721e+002  4.9300000e+000
  2.4385000e+001  6.3315721e+002  5.1900000e+000
  2.4435000e+001  6.3440871e+002  5.0300000e+000
  2.4435000e+001  6.3440871e+002  5.0400000e+000
  2.4485000e+001  6.3566022e+002  5.1000000e+000
  2.4535000e+001  6.3706182e+002  4.9600000e+000
  2.4585000e+001  6.3862501e+002  4.8400000e+000
  2.4635000e+001  6.4018823e+002  4.8600000e+000
  2.4685000e+001  6.4175169e+002  4.9000000e+000
  2.4735000e+001  6.4331553e+002  4.8000000e+000
  2.4785000e+001  6.4488038e+002  4.8000000e+000
  2.4835000e+001  6.4644534e+002  4.6900000e+000
  2.4885000e+001  6.4800918e+002  4.7000000e+000
  2.4935000e+001  6.4957202e+002  4.7300000e+000
  2.4985000e+001  6.5113582e+002  4.6300000e+000
  2.5035000e+001  6.5269902e+002  4.5600000e+000
  2.5085000e+001  6.5426255e+002  4.6700000e+000
  2.5135000e+001  6.5582639e+002  4.2800000e+000
  2.5135000e+001  6.5582639e+002  4.4800000e+000
  2.5185000e+001  6.5739096e+002  4.5500000e+000
  2.5235000e+001  6.5895620e+002  4.6400000e+000
  2.5285000e+001  6.6084937e+002  4.6700000e+000
  2.5335000e+001  6.6280361e+002  4.7800000e+000
  2.5385000e+001  6.6475784e+002  4.7200000e+000
  2.5385000e+001  6.6475784e+002  4.6200000e+000
  2.5435000e+001  6.6671208e+002  4.4600000e+000
  2.5485000e+001  6.6866631e+002  4.5200000e+000
  2.5535000e+001  6.7062055e+002  4.6700000e+000
  2.5585000e+001  6.7257644e+002  4.5600000e+000
  2.5635000e+001  6.7453235e+002  4.4800000e+000
  2.5685000e+001  6.7648816e+002  4.1500000e+000
  2.5735000e+001  6.7844240e+002  4.2300000e+000
  2.5735000e+001  6.7844240e+002  4.3900000e+000
  2.5835000e+001  6.8235087e+002  4.1900000e+000
  2.5935000e+001  6.8625934e+002  4.1000000e+000
  2.5980000e+001  6.8801829e+002  3.9300000e+000
  2.6020000e+001  6.8958275e+002  3.8300000e+000
  2.6020000e+001  6.8958275e+002  3.7800000e+000
  2.6070000e+001  6.9153832e+002  3.7400000e+000
  2.6080000e+001  6.9192943e+002  3.7000000e+000
  2.6120000e+001  6.9349389e+002  3.6500000e+000
  2.6180000e+001  6.9583940e+002  3.5600000e+000
  2.6220000e+001  6.9740306e+002  3.6200000e+000
  2.6280000e+001  6.9964984e+002  3.6500000e+000
  2.6320000e+001  7.0090011e+002  3.7700000e+000
  2.6370000e+001  7.0246375e+002  3.6900000e+000
  2.6370000e+001  7.0246375e+002  3.8100000e+000
  2.6380000e+001  7.0277676e+002  3.9200000e+000
  2.6570000e+001  7.0872071e+002  4.3400000e+000
  2.6620000e+001  7.1028428e+002  4.0800000e+000
  2.6670000e+001  7.1184713e+002  4.2700000e+000
  2.6680000e+001  7.1215997e+002  3.7600000e+000
  2.6770000e+001  7.1497685e+002  4.4000000e+000
  2.6780000e+001  7.1529050e+002  4.6500000e+000
  2.6820000e+001  7.1654088e+002  4.5800000e+000
  2.6870000e+001  7.1810462e+002  4.5900000e+000
  2.6880000e+001  7.1841719e+002  4.6200000e+000
  2.6920000e+001  7.1966830e+002  4.4400000e+000
  2.6970000e+001  7.2123130e+002  4.5700000e+000
  2.6970000e+001  7.2123130e+002  4.5800000e+000
  2.7020000e+001  7.2279471e+002  4.4900000e+000
  2.7070000e+001  7.2435798e+002  4.3000000e+000
  2.7080000e+001  7.2467076e+002  4.4000000e+000
  2.7120000e+001  7.2592183e+002  4.4400000e+000
  2.7170000e+001  7.2748742e+002  4.0200000e+000
  2.7180000e+001  7.2780112e+002  4.1500000e+000
  2.7220000e+001  7.2906181e+002  4.2200000e+000
  2.7270000e+001  7.3101605e+002  3.8300000e+000
  2.7280000e+001  7.3140689e+002  4.0500000e+000
  2.7370000e+001  7.3492455e+002  4.1700000e+000
  2.7380000e+001  7.3531546e+002  4.1500000e+000
  2.7470000e+001  7.3883370e+002  4.1000000e+000
  2.7480000e+001  7.3922462e+002  4.1600000e+000
  2.7520000e+001  7.4078845e+002  4.1000000e+000
  2.7570000e+001  7.4274402e+002  4.1100000e+000
  2.7580000e+001  7.4313513e+002  4.1200000e+000
  2.7620000e+001  7.4469959e+002  4.7300000e+000
  2.7720000e+001  7.4812287e+002  4.6600000e+000
  2.7780000e+001  7.4999892e+002  4.5700000e+000
  2.7820000e+001  7.5124986e+002  4.7600000e+000
  2.7870000e+001  7.5281270e+002  4.4800000e+000
  2.7880000e+001  7.5312534e+002  4.2700000e+000
  2.7920000e+001  7.5437654e+002  4.6100000e+000
  2.7970000e+001  7.5594158e+002  4.4700000e+000
  2.7980000e+001  7.5625527e+002  4.6100000e+000
  2.8070000e+001  7.5907019e+002  4.4300000e+000
  2.8070000e+001  7.5907019e+002  4.5200000e+000
  2.8080000e+001  7.5938276e+002  4.6000000e+000
  2.8120000e+001  7.6063366e+002  4.1600000e+000
  2.8170000e+001  7.6219687e+002  4.1300000e+000
  2.8270000e+001  7.6532356e+002  3.9500000e+000
  2.8280000e+001  7.6563613e+002  4.0400000e+000
  2.8320000e+001  7.6691489e+002  4.2300000e+000
  2.8370000e+001  7.6887046e+002  4.0900000e+000
  2.8380000e+001  7.6926157e+002  4.0300000e+000
  2.8420000e+001  7.7082603e+002  3.6900000e+000
  2.8480000e+001  7.7317226e+002  4.1300000e+000
  2.8520000e+001  7.7473564e+002  3.9500000e+000
  2.8580000e+001  7.7708073e+002  4.3100000e+000
  2.8670000e+001  7.8059997e+002  3.8400000e+000
  2.8680000e+001  7.8099109e+002  3.8200000e+000
  2.8780000e+001  7.8490174e+002  3.4000000e+000
  2.8870000e+001  7.8841998e+002  3.5500000e+000
  2.8880000e+001  7.8881090e+002  3.6400000e+000
  2.8880000e+001  7.8881090e+002  3.5500000e+000
  2.8920000e+001  7.9023275e+002  4.7500000e+000
  2.9070000e+001  7.9492287e+002  4.7700000e+000
  2.9080000e+001  7.9523571e+002  4.6700000e+000
  2.9170000e+001  7.9805308e+002  4.9100000e+000
  2.9180000e+001  7.9836565e+002  4.7600000e+000
  2.9220000e+001  7.9961662e+002  4.8300000e+000
  2.9220000e+001  7.9961662e+002  4.3900000e+000
  2.9320000e+001  8.0274361e+002  4.6400000e+000
  2.9370000e+001  8.0430645e+002  4.4300000e+000
  2.9380000e+001  8.0461908e+002  4.7000000e+000
  2.9420000e+001  8.0587029e+002  4.2300000e+000
  2.9420000e+001  8.0587029e+002  4.5800000e+000
  2.9470000e+001  8.0743366e+002  4.5100000e+000
  2.9480000e+001  8.0774650e+002  4.6100000e+000
  2.9480000e+001  8.0774650e+002  4.5900000e+000
  2.9520000e+001  8.0899697e+002  4.4400000e+000
  2.9520000e+001  8.0899697e+002  4.3000000e+000
  2.9580000e+001  8.1087651e+002  4.2300000e+000
  2.9680000e+001  8.1400319e+002  4.3200000e+000
  2.9820000e+001  8.1838115e+002  3.8100000e+000
  2.9870000e+001  8.1994445e+002  4.0400000e+000
  2.9880000e+001  8.2025729e+002  3.5400000e+000
  2.9970000e+001  8.2307480e+002  3.9800000e+000
  3.0070000e+001  8.2675156e+002  3.9300000e+000
  3.0080000e+001  8.2714241e+002  4.2200000e+000
  3.0170000e+001  8.3066003e+002  3.8600000e+000
  3.0170000e+001  8.3066003e+002  3.8500000e+000
  3.0180000e+001  8.3105088e+002  4.1300000e+000
  3.0220000e+001  8.3261427e+002  3.9700000e+000
  3.0270000e+001  8.3456850e+002  3.8000000e+000
  3.0270000e+001  8.3456850e+002  3.9800000e+000
  3.0280000e+001  8.3495935e+002  4.0400000e+000
  3.0370000e+001  8.3847958e+002  3.9400000e+000
  3.0380000e+001  8.3887076e+002  4.1100000e+000
  3.0480000e+001  8.4278120e+002  3.8400000e+000
  3.0520000e+001  8.4434459e+002  3.6000000e+000
  3.0520000e+001  8.4434459e+002  3.7500000e+000
  3.0570000e+001  8.4629882e+002  3.6000000e+000
  3.0580000e+001  8.4668967e+002  3.5200000e+000
  3.0670000e+001  8.5020956e+002  3.3700000e+000
  3.0680000e+001  8.5060067e+002  3.5200000e+000
  3.0780000e+001  8.5451052e+002  3.8500000e+000
  3.0820000e+001  8.5607390e+002  3.7700000e+000
  3.0880000e+001  8.5841900e+002  3.3800000e+000
  3.0970000e+001  8.6193724e+002  3.4700000e+000
  3.0980000e+001  8.6232815e+002  3.3400000e+000
  3.1020000e+001  8.6389182e+002  3.3600000e+000
  3.1070000e+001  8.6584730e+002  3.6000000e+000
  3.1080000e+001  8.6623842e+002  4.6300000e+000
  3.1120000e+001  8.6780287e+002  4.6000000e+000
  3.1170000e+001  8.6975844e+002  4.6600000e+000
  3.1180000e+001  8.7014930e+002  4.7500000e+000
  3.1280000e+001  8.7405777e+002  4.8600000e+000
  3.1320000e+001  8.7562116e+002  4.7700000e+000
  3.1380000e+001  8.7796624e+002  4.8500000e+000
  3.1420000e+001  8.7952963e+002  4.7300000e+000
  3.1480000e+001  8.8187516e+002  4.6500000e+000
  3.1580000e+001  8.8578630e+002  4.5300000e+000
  3.1580000e+001  8.8578630e+002  4.5600000e+000
  3.1870000e+001  8.9712266e+002  4.4400000e+000
  3.1880000e+001  8.9751350e+002  4.3900000e+000
  3.1920000e+001  8.9907736e+002  4.3400000e+000
  3.1970000e+001  9.0103293e+002  4.1400000e+000
  3.1980000e+001  9.0142405e+002  4.1800000e+000
  3.2020000e+001  9.0298850e+002  3.9100000e+000
  3.2070000e+001  9.0494350e+002  4.1400000e+000
  3.2120000e+001  9.0689774e+002  3.8400000e+000
  3.2120000e+001  9.0689774e+002  3.9100000e+000
  3.2170000e+001  9.0885197e+002  3.9200000e+000
  3.2180000e+001  9.0924282e+002  4.0400000e+000
  3.2195000e+001  9.0982909e+002  3.7100000e+000
  3.2195000e+001  9.0982909e+002  3.9100000e+000
  3.2220000e+001  9.1080704e+002  3.8300000e+000
  3.2295000e+001  9.1374091e+002  3.9900000e+000
  3.2295000e+001  9.1374091e+002  4.1200000e+000
  3.2320000e+001  9.1471887e+002  3.8700000e+000
  3.2345000e+001  9.1569670e+002  4.3000000e+000
  3.2395000e+001  9.1765094e+002  4.3100000e+000
  3.2420000e+001  9.1862806e+002  4.6600000e+000
  3.2545000e+001  9.2351364e+002  4.4300000e+000
  3.2545000e+001  9.2351364e+002  4.2500000e+000
  3.2595000e+001  9.2546788e+002  4.3000000e+000
  3.2645000e+001  9.2733757e+002  4.2600000e+000
  3.2695000e+001  9.2890315e+002  3.7200000e+000
  3.2695000e+001  9.2890315e+002  4.0200000e+000
  3.2745000e+001  9.3046741e+002  4.2300000e+000
  3.2845000e+001  9.3359483e+002  4.0100000e+000
  3.2945000e+001  9.3672175e+002  3.7300000e+000
  3.2995000e+001  9.3828459e+002  3.7700000e+000
  3.3045000e+001  9.3984843e+002  3.8300000e+000
  3.3095000e+001  9.4141373e+002  3.7800000e+000
  3.3145000e+001  9.4297824e+002  3.7300000e+000
  3.3195000e+001  9.4454208e+002  3.5200000e+000
  3.3295000e+001  9.4765504e+002  3.3400000e+000
  3.3345000e+001  9.4890586e+002  4.3400000e+000
  3.3395000e+001  9.5015668e+002  3.3400000e+000
  3.3395000e+001  9.5015668e+002  3.2800000e+000
  3.3445000e+001  9.5140750e+002  3.3700000e+000
  3.3445000e+001  9.5140750e+002  3.2800000e+000
  3.3445000e+001  9.5140750e+002  4.7100000e+000
  3.3495000e+001  9.5277978e+002  3.0100000e+000
  3.3545000e+001  9.5434499e+002  4.0400000e+000
  3.3545000e+001  9.5434499e+002  2.8700000e+000
  3.3595000e+001  9.5562000e+002  2.9100000e+000
  3.3645000e+001  9.5687055e+002  4.4600000e+000
  3.3695000e+001  9.5812110e+002  3.4900000e+000
  3.3745000e+001  9.5937189e+002  4.1100000e+000
  3.3795000e+001  9.6062340e+002  4.0100000e+000
  3.3845000e+001  9.6187490e+002  4.2600000e+000
  3.3845000e+001  9.6187490e+002  4.5400000e+000
  3.3895000e+001  9.6312640e+002  4.1000000e+000
  3.3945000e+001  9.6456678e+002  4.4500000e+000
  3.4045000e+001  9.6769364e+002  4.3400000e+000
  3.4095000e+001  9.6925648e+002  4.1600000e+000
  3.4095000e+001  9.6925648e+002  4.1700000e+000
  3.4145000e+001  9.7082032e+002  4.2200000e+000
  3.4195000e+001  9.7238382e+002  3.7500000e+000
  3.4245000e+001  9.7394703e+002  3.6400000e+000
  3.4295000e+001  9.7551206e+002  3.8700000e+000
  3.4345000e+001  9.7707757e+002  3.7000000e+000
  3.4345000e+001  9.7707757e+002  3.6600000e+000
  3.4395000e+001  9.7864066e+002  3.7000000e+000
  3.4495000e+001  9.8176734e+002  4.1900000e+000
  3.4595000e+001  9.8489461e+002  4.3900000e+000
  3.4645000e+001  9.8645786e+002  4.1400000e+000
  3.4695000e+001  9.8802483e+002  4.1700000e+000
  3.4745000e+001  9.8958767e+002  4.0800000e+000
  3.4795000e+001  9.9115151e+002  4.1400000e+000
  3.4845000e+001  9.9271478e+002  4.0100000e+000
  3.4895000e+001  9.9427820e+002  3.8400000e+000
  3.4895000e+001  9.9427820e+002  3.5000000e+000
  3.4895000e+001  9.9427820e+002  4.0600000e+000
  3.4945000e+001  9.9584204e+002  3.6600000e+000
  3.4995000e+001  9.9740540e+002  3.7500000e+000
  3.4995000e+001  9.9740540e+002  3.6200000e+000
  3.4995000e+001  9.9740540e+002  3.6800000e+000
  3.5045000e+001  9.9922365e+002  3.8700000e+000
  3.5095000e+001  1.0011799e+003  4.2000000e+000
  3.5145000e+001  1.0031362e+003  4.1300000e+000
  3.5195000e+001  1.0050905e+003  4.2900000e+000
  3.5245000e+001  1.0070440e+003  4.1700000e+000
  3.5295000e+001  1.0089976e+003  4.3200000e+000
  3.5345000e+001  1.0109511e+003  4.0400000e+000
  3.5395000e+001  1.0129047e+003  4.2300000e+000
  3.5445000e+001  1.0148582e+003  3.9700000e+000
  3.5495000e+001  1.0169278e+003  3.5800000e+000
  3.5545000e+001  1.0190153e+003  3.9000000e+000
  3.5595000e+001  1.0211015e+003  3.5100000e+000
  3.5645000e+001  1.0231871e+003  3.5600000e+000
  3.5695000e+001  1.0252728e+003  3.7100000e+000
  3.5745000e+001  1.0273584e+003  3.5600000e+000
  3.5795000e+001  1.0294432e+003  3.7400000e+000
  3.5845000e+001  1.0315262e+003  3.8100000e+000
  3.5895000e+001  1.0336321e+003  4.2100000e+000
  3.5945000e+001  1.0359818e+003  4.3000000e+000
  3.6015000e+001  1.0395320e+003  4.3800000e+000
  3.6050000e+001  1.0413554e+003  3.5000000e+000
  3.6100000e+001  1.0439601e+003  4.1400000e+000
  3.6115000e+001  1.0447415e+003  4.4300000e+000
  3.6200000e+001  1.0490832e+003  4.0400000e+000
  3.6215000e+001  1.0497860e+003  4.3800000e+000
  3.6250000e+001  1.0514261e+003  4.0000000e+000
  3.6290000e+001  1.0531303e+003  4.4000000e+000
  3.6300000e+001  1.0535478e+003  4.1600000e+000
  3.6315000e+001  1.0541740e+003  4.3300000e+000
  3.6350000e+001  1.0556353e+003  4.1000000e+000
  3.6390000e+001  1.0572421e+003  4.5600000e+000
  3.6415000e+001  1.0582189e+003  4.1300000e+000
  3.6500000e+001  1.0615399e+003  3.3600000e+000
  3.6515000e+001  1.0621091e+003  4.0600000e+000
  3.6540000e+001  1.0628946e+003  3.7200000e+000
  3.6550000e+001  1.0632050e+003  3.7700000e+000
  3.6560000e+001  1.0634554e+003  3.3700000e+000
  3.6600000e+001  1.0644571e+003  4.1300000e+000
  3.6610000e+001  1.0647075e+003  3.1100000e+000
  3.6640000e+001  1.0654587e+003  3.6400000e+000
  3.6650000e+001  1.0657091e+003  3.3200000e+000
  3.6660000e+001  1.0659595e+003  3.6800000e+000
  3.6710000e+001  1.0672116e+003  3.0500000e+000
  3.6740000e+001  1.0679623e+003  3.5600000e+000
  3.6760000e+001  1.0684617e+003  3.0100000e+000
  3.6840000e+001  1.0704596e+003  3.2000000e+000
  3.6840000e+001  1.0704596e+003  3.2600000e+000
  3.6860000e+001  1.0709590e+003  3.1400000e+000
  3.6910000e+001  1.0722076e+003  2.8100000e+000
  3.6940000e+001  1.0729585e+003  3.6300000e+000
  3.7010000e+001  1.0747114e+003  3.3600000e+000
  3.7040000e+001  1.0754626e+003  3.2500000e+000
  3.7060000e+001  1.0759634e+003  3.4500000e+000
  3.7140000e+001  1.0779661e+003  3.5100000e+000
  3.7210000e+001  1.0797181e+003  3.1100000e+000
  3.7240000e+001  1.0804689e+003  3.8700000e+000
  3.7310000e+001  1.0823970e+003  3.7600000e+000
  3.7340000e+001  1.0833375e+003  3.9500000e+000
  3.7360000e+001  1.0839644e+003  3.7000000e+000
  3.7410000e+001  1.0855270e+003  3.8200000e+000
  3.7440000e+001  1.0864673e+003  3.8600000e+000
  3.7460000e+001  1.0870919e+003  3.7400000e+000
  3.7540000e+001  1.0899055e+003  4.0100000e+000
  3.7540000e+001  1.0899055e+003  3.5900000e+000
  3.7560000e+001  1.0906869e+003  4.0500000e+000
  3.7610000e+001  1.0926405e+003  4.1500000e+000
  3.7640000e+001  1.0938126e+003  4.1200000e+000
  3.7740000e+001  1.0977197e+003  4.2400000e+000
  3.7840000e+001  1.1016280e+003  4.1900000e+000
  3.7860000e+001  1.1024100e+003  3.2200000e+000
  3.7940000e+001  1.1055378e+003  3.6400000e+000
  3.8010000e+001  1.1082776e+003  3.4400000e+000
  3.8040000e+001  1.1094518e+003  3.6700000e+000
  3.8140000e+001  1.1133620e+003  3.7900000e+000
  3.8140000e+001  1.1133620e+003  3.8200000e+000
  3.8210000e+001  1.1160970e+003  4.1700000e+000
  3.8240000e+001  1.1172693e+003  3.9300000e+000
  3.8260000e+001  1.1180513e+003  3.9100000e+000
  3.8310000e+001  1.1200062e+003  4.0700000e+000
  3.8340000e+001  1.1211791e+003  4.1100000e+000
  3.8360000e+001  1.1219611e+003  4.4700000e+000
  3.8440000e+001  1.1250872e+003  4.6400000e+000
  3.8460000e+001  1.1258687e+003  4.1700000e+000
  3.8510000e+001  1.1278222e+003  4.1700000e+000
  3.8540000e+001  1.1289947e+003  4.5200000e+000
  3.8640000e+001  1.1329045e+003  4.3400000e+000
  3.8710000e+001  1.1356430e+003  3.9500000e+000
  3.8740000e+001  1.1368171e+003  4.2300000e+000
  3.8740000e+001  1.1368171e+003  3.8000000e+000
  3.8810000e+001  1.1395569e+003  4.0700000e+000
  3.8840000e+001  1.1407296e+003  4.1800000e+000
  3.8860000e+001  1.1415110e+003  3.7000000e+000
  3.8910000e+001  1.1434645e+003  3.9400000e+000
  3.8940000e+001  1.1446367e+003  4.2900000e+000
  3.9010000e+001  1.1473729e+003  3.7300000e+000
  3.9040000e+001  1.1485458e+003  3.9900000e+000
  3.9040000e+001  1.1485458e+003  3.8900000e+000
  3.9160000e+001  1.1532362e+003  3.7100000e+000
  3.9240000e+001  1.1563619e+003  3.8600000e+000
  3.9260000e+001  1.1571211e+003  3.5400000e+000
  3.9360000e+001  1.1602532e+003  3.3400000e+000
  3.9410000e+001  1.1618148e+003  3.2500000e+000
  3.9440000e+001  1.1627600e+003  3.7800000e+000
  3.9440000e+001  1.1627600e+003  3.5300000e+000
  3.9510000e+001  1.1649403e+003  3.5600000e+000
  3.9540000e+001  1.1658821e+003  3.4100000e+000
  3.9610000e+001  1.1680715e+003  3.4700000e+000
  3.9640000e+001  1.1690095e+003  3.5300000e+000
  3.9740000e+001  1.1721362e+003  3.6600000e+000
  3.9840000e+001  1.1752619e+003  3.8300000e+000
  3.9840000e+001  1.1752619e+003  3.4300000e+000
  3.9940000e+001  1.1783935e+003  3.7400000e+000
  4.0040000e+001  1.1815216e+003  3.7000000e+000
  4.0040000e+001  1.1815216e+003  3.6000000e+000
  4.0060000e+001  1.1821446e+003  3.6200000e+000
  4.0210000e+001  1.1868368e+003  3.2400000e+000
  4.0380000e+001  1.1923546e+003  3.9900000e+000
  4.0430000e+001  1.1943081e+003  4.1800000e+000
  4.0480000e+001  1.1962617e+003  4.1500000e+000
  4.0530000e+001  1.1982160e+003  4.2600000e+000
  4.0580000e+001  1.2001709e+003  4.1400000e+000
  4.0630000e+001  1.2021258e+003  4.2000000e+000
  4.0730000e+001  1.2060334e+003  3.8900000e+000
  4.0780000e+001  1.2079869e+003  4.1700000e+000
  4.0930000e+001  1.2138569e+003  4.0300000e+000
  4.0980000e+001  1.2158122e+003  3.9200000e+000
  4.1030000e+001  1.2177671e+003  4.0600000e+000
  4.1080000e+001  1.2197220e+003  3.9700000e+000
  4.1130000e+001  1.2213337e+003  3.4700000e+000
  4.1180000e+001  1.2228992e+003  3.8600000e+000
  4.1230000e+001  1.2244657e+003  3.0200000e+000
  4.1380000e+001  1.2282330e+003  3.5000000e+000
  4.1430000e+001  1.2294829e+003  3.4300000e+000
  4.1480000e+001  1.2307343e+003  3.6400000e+000
  4.1530000e+001  1.2319856e+003  3.3300000e+000
  4.1580000e+001  1.2332370e+003  3.4900000e+000
  4.1730000e+001  1.2369911e+003  3.1200000e+000
  4.1830000e+001  1.2394945e+003  3.3500000e+000
  4.1880000e+001  1.2407465e+003  3.2000000e+000
  4.1930000e+001  1.2419986e+003  3.3600000e+000
  4.2030000e+001  1.2449086e+003  3.4900000e+000
  4.2430000e+001  1.2599098e+003  3.7100000e+000
  4.2480000e+001  1.2618633e+003  3.8200000e+000
  4.2580000e+001  1.2655458e+003  3.2600000e+000
  4.2880000e+001  1.2749226e+003  3.5400000e+000
  4.2910000e+001  1.2758652e+003  3.4000000e+000
  4.2930000e+001  1.2764898e+003  3.2900000e+000
  4.2960000e+001  1.2774249e+003  3.3800000e+000
  4.2980000e+001  1.2780495e+003  3.2500000e+000
  4.3010000e+001  1.2789904e+003  3.4400000e+000
  4.3030000e+001  1.2796177e+003  3.3200000e+000
  4.3060000e+001  1.2805521e+003  3.4500000e+000
  4.3080000e+001  1.2811799e+003  3.3700000e+000
  4.3160000e+001  1.2836835e+003  3.6100000e+000
  4.3210000e+001  1.2852446e+003  3.6500000e+000
  4.3510000e+001  1.2946316e+003  3.4900000e+000
  4.3660000e+001  1.2993170e+003  3.8900000e+000
  4.3710000e+001  1.3008811e+003  4.0000000e+000
  4.3830000e+001  1.3046417e+003  3.5500000e+000
  4.3880000e+001  1.3062028e+003  3.4200000e+000
  4.3930000e+001  1.3077667e+003  3.5200000e+000
  4.3980000e+001  1.3093248e+003  3.5800000e+000
  4.4030000e+001  1.3108915e+003  3.5800000e+000
  4.4080000e+001  1.3124569e+003  3.5000000e+000
  4.4130000e+001  1.3140180e+003  3.6100000e+000
  4.4180000e+001  1.3155853e+003  3.8300000e+000
  4.4230000e+001  1.3171532e+003  3.0800000e+000
  4.4280000e+001  1.3187907e+003  3.8800000e+000
  4.4330000e+001  1.3207443e+003  3.7900000e+000
  4.4380000e+001  1.3226978e+003  3.8500000e+000
  4.4430000e+001  1.3246517e+003  3.7900000e+000
  4.4480000e+001  1.3266066e+003  4.0900000e+000
  4.4530000e+001  1.3285615e+003  3.9600000e+000
  4.4580000e+001  1.3305171e+003  3.7200000e+000
  4.4630000e+001  1.3324741e+003  4.0500000e+000
  4.4730000e+001  1.3363866e+003  3.9700000e+000
  4.4780000e+001  1.3383401e+003  3.6200000e+000
  4.4830000e+001  1.3402937e+003  4.0600000e+000
  4.4980000e+001  1.3446311e+003  3.2200000e+000
  4.5030000e+001  1.3458832e+003  3.3200000e+000
  4.5080000e+001  1.3471351e+003  3.5900000e+000
  4.5130000e+001  1.3483865e+003  3.6300000e+000
  4.5180000e+001  1.3496379e+003  3.5500000e+000
  4.5230000e+001  1.3508892e+003  3.2800000e+000
  4.5280000e+001  1.3521409e+003  3.2700000e+000
  4.5380000e+001  1.3546450e+003  3.0000000e+000
  4.5480000e+001  1.3571464e+003  3.1600000e+000
  4.5630000e+001  1.3608928e+003  3.5400000e+000
  4.5680000e+001  1.3621448e+003  3.4900000e+000
  4.5780000e+001  1.3646489e+003  3.6300000e+000
  4.5930000e+001  1.3691774e+003  3.9200000e+000
  4.5980000e+001  1.3707348e+003  3.9400000e+000
  4.6030000e+001  1.3726134e+003  4.0400000e+000
  4.6080000e+001  1.3745704e+003  4.0700000e+000
  4.6130000e+001  1.3765273e+003  3.7700000e+000
  4.6180000e+001  1.3784825e+003  3.9400000e+000
  4.6230000e+001  1.3804374e+003  3.9800000e+000
  4.6280000e+001  1.3823923e+003  3.7400000e+000
  4.6330000e+001  1.3839725e+003  3.6200000e+000
  4.6430000e+001  1.3871043e+003  3.0500000e+000
  4.6480000e+001  1.3886656e+003  3.6500000e+000
  4.6530000e+001  1.3902314e+003  3.6200000e+000
  4.6580000e+001  1.3917908e+003  3.4900000e+000
  4.6630000e+001  1.3933569e+003  3.4800000e+000
  4.6700000e+001  1.3955472e+003  4.6200000e+000
  4.6730000e+001  1.3965704e+003  3.1500000e+000
  4.6800000e+001  1.3994902e+003  3.3600000e+000
  4.6830000e+001  1.4007416e+003  2.7000000e+000
  4.6870000e+001  1.4024116e+003  3.7500000e+000
  4.6900000e+001  1.4036641e+003  3.5900000e+000
  4.7000000e+001  1.4078368e+003  4.0400000e+000
  4.7100000e+001  1.4120036e+003  4.2600000e+000
  4.7200000e+001  1.4161693e+003  3.8600000e+000
  4.7400000e+001  1.4245159e+003  3.5000000e+000
  4.7500000e+001  1.4286862e+003  3.7400000e+000
  4.7600000e+001  1.4328483e+003  3.3400000e+000
  4.7700000e+001  1.4370196e+003  2.5400000e+000
  4.7800000e+001  1.4411942e+003  3.1600000e+000
  4.8200000e+001  1.4578740e+003  4.0900000e+000
  4.8300000e+001  1.4620452e+003  4.1500000e+000
  4.8500000e+001  1.4703865e+003  3.5900000e+000
  4.8600000e+001  1.4745531e+003  2.9400000e+000
  4.8700000e+001  1.4787375e+003  3.3900000e+000
  4.8800000e+001  1.4834329e+003  3.4100000e+000
  4.8900000e+001  1.4881223e+003  3.3300000e+000
  4.9300000e+001  1.5067998e+003  4.2200000e+000
  4.9400000e+001  1.5108974e+003  3.0800000e+000
  4.9700000e+001  1.5202768e+003  3.8200000e+000
  4.9800000e+001  1.5234095e+003  3.6400000e+000
  4.9900000e+001  1.5265329e+003  3.4300000e+000
  5.0000000e+001  1.5298323e+003  3.6900000e+000
  5.0100000e+001  1.5337421e+003  3.7000000e+000
  5.0300000e+001  1.5415570e+003  4.4000000e+000
  5.0400000e+001  1.5454641e+003  3.8400000e+000
  5.0500000e+001  1.5483708e+003  2.7800000e+000
  5.0700000e+001  1.5528014e+003  3.1400000e+000
  5.0800000e+001  1.5546978e+003  3.8100000e+000
  5.0900000e+001  1.5565515e+003  3.2500000e+000
  5.1200000e+001  1.5605173e+003  3.2600000e+000
  5.1300000e+001  1.5617693e+003  3.3500000e+000
  5.1400000e+001  1.5630209e+003  3.3500000e+000
  5.1600000e+001  1.5655196e+003  3.6100000e+000
  5.2000000e+001  1.5722773e+003  3.8000000e+000
  5.2400000e+001  1.5841939e+003  3.6200000e+000
  5.2500000e+001  1.5883689e+003  3.5600000e+000
  5.2600000e+001  1.5930432e+003  3.3900000e+000
  5.2700000e+001  1.5980012e+003  3.6100000e+000
  5.2800000e+001  1.6032126e+003  3.4900000e+000
  5.2900000e+001  1.6084254e+003  3.3700000e+000
  5.3000000e+001  1.6135257e+003  3.7700000e+000
  5.3100000e+001  1.6179661e+003  3.4700000e+000
  5.3120000e+001  1.6187986e+003  3.5100000e+000
  5.3170000e+001  1.6208590e+003  3.3900000e+000
  5.3200000e+001  1.6220340e+003  3.4700000e+000
  5.3220000e+001  1.6228173e+003  3.2800000e+000
  5.3270000e+001  1.6247756e+003  3.4500000e+000
  5.3300000e+001  1.6259506e+003  3.9000000e+000
  5.3320000e+001  1.6266369e+003  3.8500000e+000
  5.3370000e+001  1.6281943e+003  3.6400000e+000
  5.3400000e+001  1.6290130e+003  2.9600000e+000
  5.3420000e+001  1.6295136e+003  3.6100000e+000
  5.3470000e+001  1.6307649e+003  3.2600000e+000
  5.3500000e+001  1.6315157e+003  3.4000000e+000
  5.3520000e+001  1.6320163e+003  3.2600000e+000
  5.3570000e+001  1.6332677e+003  3.2200000e+000
  5.3620000e+001  1.6345198e+003  3.2600000e+000
  5.3670000e+001  1.6357718e+003  3.2500000e+000
  5.3720000e+001  1.6370239e+003  3.2300000e+000
  5.3770000e+001  1.6382756e+003  3.4500000e+000
  5.3820000e+001  1.6395270e+003  3.8100000e+000
  5.3870000e+001  1.6407784e+003  3.1400000e+000
  5.3920000e+001  1.6420297e+003  3.9500000e+000
  5.4020000e+001  1.6455078e+003  3.9800000e+000
  5.4120000e+001  1.6494179e+003  3.8100000e+000
  5.4170000e+001  1.6513749e+003  3.7500000e+000
  5.4270000e+001  1.6552881e+003  3.8800000e+000
  5.4320000e+001  1.6572416e+003  4.0000000e+000
  5.4420000e+001  1.6611491e+003  4.0800000e+000
  5.4470000e+001  1.6631040e+003  4.0100000e+000
  5.4520000e+001  1.6650589e+003  4.1400000e+000
  5.4570000e+001  1.6670133e+003  3.6200000e+000
  5.4620000e+001  1.6689668e+003  3.8900000e+000
  5.4670000e+001  1.6709204e+003  3.6700000e+000
  5.4720000e+001  1.6728760e+003  3.6100000e+000
  5.4970000e+001  1.6816728e+003  3.3700000e+000
  5.5120000e+001  1.6863649e+003  3.3000000e+000
  5.5220000e+001  1.6894905e+003  3.3200000e+000
  5.5320000e+001  1.6926175e+003  3.0400000e+000
  5.5420000e+001  1.6959515e+003  3.3700000e+000
  5.5470000e+001  1.6979050e+003  3.4800000e+000
  5.5870000e+001  1.7135473e+003  3.6700000e+000
  5.5970000e+001  1.7174545e+003  3.0500000e+000
  5.6070000e+001  1.7206544e+003  2.7800000e+000
  5.6170000e+001  1.7237814e+003  3.5800000e+000
  5.6220000e+001  1.7255161e+003  3.6800000e+000
  5.6470000e+001  1.7352872e+003  3.4900000e+000
  5.6520000e+001  1.7372413e+003  3.5200000e+000
  5.6630000e+001  1.7415392e+003  2.9500000e+000
  5.6730000e+001  1.7454526e+003  4.1700000e+000
  5.6830000e+001  1.7489302e+003  4.1800000e+000
  5.6930000e+001  1.7512731e+003  3.6000000e+000
  5.7130000e+001  1.7554306e+003  3.6200000e+000
  5.7330000e+001  1.7589648e+003  2.6900000e+000
  5.7530000e+001  1.7614765e+003  2.9800000e+000
  5.8430000e+001  1.7727325e+003  3.1300000e+000
  5.8530000e+001  1.7739839e+003  3.6400000e+000
  5.8730000e+001  1.7764874e+003  3.6300000e+000
  5.8830000e+001  1.7777392e+003  3.4400000e+000
  5.8930000e+001  1.7789906e+003  3.4400000e+000
  5.9030000e+001  1.7804034e+003  3.5400000e+000
  5.9130000e+001  1.7822096e+003  3.4500000e+000
  5.9230000e+001  1.7840850e+003  3.3500000e+000
  5.9330000e+001  1.7861588e+003  3.1900000e+000
  5.9430000e+001  1.7884621e+003  3.8600000e+000
  5.9530000e+001  1.7908666e+003  3.9000000e+000
  5.9630000e+001  1.7933707e+003  4.0400000e+000
  5.9730000e+001  1.7963619e+003  4.0200000e+000
  5.9830000e+001  1.8002758e+003  3.6000000e+000
  5.9930000e+001  1.8041868e+003  3.5400000e+000
  6.0030000e+001  1.8080958e+003  3.3200000e+000
  6.0130000e+001  1.8120030e+003  3.7200000e+000
  6.0230000e+001  1.8159101e+003  3.7900000e+000
  6.0330000e+001  1.8198180e+003  3.6900000e+000
  6.0430000e+001  1.8237278e+003  3.4200000e+000
  6.0530000e+001  1.8276412e+003  3.4800000e+000
  6.0640000e+001  1.8319431e+003  3.5600000e+000
  6.0740000e+001  1.8358181e+003  3.4700000e+000
  6.0840000e+001  1.8389456e+003  3.3500000e+000
  6.0940000e+001  1.8420761e+003  3.4000000e+000
  6.1040000e+001  1.8451982e+003  3.3500000e+000
  6.1140000e+001  1.8489145e+003  3.4000000e+000
  6.1240000e+001  1.8528988e+003  3.5800000e+000
  6.1340000e+001  1.8571662e+003  3.3700000e+000
  6.1440000e+001  1.8620903e+003  3.9600000e+000
  6.1540000e+001  1.8673047e+003  4.1400000e+000
  6.1640000e+001  1.8725245e+003  3.9500000e+000
  6.1740000e+001  1.8779036e+003  3.8400000e+000
  6.1840000e+001  1.8854001e+003  3.8900000e+000
  6.1930000e+001  1.8924354e+003  3.8400000e+000
  6.2030000e+001  1.9002618e+003  3.9100000e+000
  6.2140000e+001  1.9069804e+003  3.6100000e+000
  6.2240000e+001  1.9121898e+003  3.6500000e+000
  6.2340000e+001  1.9174008e+003  3.4900000e+000
  6.2440000e+001  1.9226140e+003  3.3900000e+000
  6.2540000e+001  1.9278245e+003  3.2600000e+000
  6.2640000e+001  1.9330430e+003  3.2600000e+000
  6.2940000e+001  1.9486766e+003  3.9700000e+000
  6.3040000e+001  1.9538926e+003  3.9200000e+000
  6.3090000e+001  1.9565013e+003  3.5100000e+000
  6.3140000e+001  1.9591085e+003  3.8000000e+000
  6.3190000e+001  1.9617154e+003  3.3300000e+000
  6.3240000e+001  1.9643202e+003  3.5900000e+000
  6.3290000e+001  1.9669249e+003  3.4200000e+000
  6.3340000e+001  1.9693055e+003  3.8000000e+000
  6.3390000e+001  1.9715476e+003  3.5700000e+000
  6.3440000e+001  1.9736332e+003  3.4100000e+000
  6.3490000e+001  1.9756932e+003  3.4800000e+000
  6.3540000e+001  1.9776480e+003  3.3100000e+000
  6.3590000e+001  1.9796029e+003  3.2900000e+000
  6.3640000e+001  1.9815584e+003  3.1500000e+000
  6.3690000e+001  1.9835153e+003  3.0500000e+000
  6.3740000e+001  1.9854723e+003  2.8600000e+000
  6.3790000e+001  1.9874281e+003  3.2700000e+000
  6.4090000e+001  1.9991533e+003  3.5500000e+000
  6.4190000e+001  2.0030604e+003  3.7500000e+000
  6.4240000e+001  2.0050147e+003  3.8900000e+000
  6.4290000e+001  2.0069696e+003  3.8600000e+000
  6.4340000e+001  2.0089245e+003  3.4400000e+000
  6.4390000e+001  2.0108807e+003  3.6900000e+000
  6.4440000e+001  2.0128377e+003  3.5200000e+000
  6.4490000e+001  2.0147947e+003  3.5700000e+000
  6.4540000e+001  2.0164695e+003  3.4300000e+000
  6.4590000e+001  2.0180369e+003  3.2600000e+000
  6.4640000e+001  2.0195943e+003  3.3500000e+000
  6.4690000e+001  2.0211618e+003  3.6600000e+000
  6.4740000e+001  2.0227264e+003  3.6300000e+000
  6.4790000e+001  2.0242895e+003  3.1700000e+000
  6.4840000e+001  2.0258569e+003  3.2500000e+000
  6.4890000e+001  2.0274196e+003  3.3300000e+000
  6.4940000e+001  2.0289816e+003  3.1300000e+000
  6.4990000e+001  2.0304804e+003  3.0900000e+000
  6.5040000e+001  2.0317324e+003  3.0000000e+000
  6.5090000e+001  2.0329845e+003  3.2200000e+000
  6.5140000e+001  2.0342365e+003  3.1600000e+000
  6.5190000e+001  2.0354882e+003  3.6200000e+000
  6.5240000e+001  2.0367396e+003  3.4300000e+000
  6.5290000e+001  2.0379910e+003  3.1400000e+000
  6.5340000e+001  2.0392423e+003  3.3900000e+000
  6.5390000e+001  2.0404943e+003  3.5900000e+000
  6.5440000e+001  2.0417463e+003  3.6100000e+000
  6.5490000e+001  2.0429984e+003  3.6700000e+000
  6.5540000e+001  2.0442503e+003  3.6800000e+000
  6.5590000e+001  2.0455017e+003  3.7600000e+000
  6.5640000e+001  2.0467530e+003  3.5000000e+000
  6.5690000e+001  2.0480044e+003  3.0600000e+000
  6.5840000e+001  2.0515542e+003  2.9600000e+000
  6.6140000e+001  2.0585945e+003  3.3600000e+000
  6.6240000e+001  2.0610763e+003  3.4800000e+000
  6.6340000e+001  2.0636122e+003  3.6200000e+000
  6.6390000e+001  2.0653302e+003  4.0100000e+000
  6.6440000e+001  2.0672837e+003  4.0500000e+000
  6.6540000e+001  2.0711908e+003  4.0500000e+000
  6.6690000e+001  2.0770522e+003  3.7000000e+000
  6.6840000e+001  2.0826858e+003  3.7900000e+000
  6.6890000e+001  2.0842468e+003  3.5000000e+000
  6.6940000e+001  2.0858123e+003  3.8500000e+000
  6.7040000e+001  2.0889399e+003  3.7100000e+000
  6.7140000e+001  2.0916065e+003  3.2400000e+000
  6.7230000e+001  2.0938553e+003  3.3100000e+000
  6.7240000e+001  2.0941051e+003  3.4000000e+000
  6.7340000e+001  2.0966075e+003  3.2100000e+000
  6.7440000e+001  2.0991103e+003  2.9200000e+000
  6.7540000e+001  2.1016144e+003  2.9900000e+000
  6.7640000e+001  2.1041182e+003  3.2400000e+000
  6.7740000e+001  2.1066209e+003  3.3800000e+000
  6.7940000e+001  2.1116206e+003  3.3100000e+000
  6.8040000e+001  2.1144939e+003  3.1700000e+000
  6.8240000e+001  2.1207537e+003  3.7300000e+000
  6.8340000e+001  2.1238795e+003  3.6700000e+000
  6.8440000e+001  2.1270061e+003  3.5700000e+000
  6.8540000e+001  2.1301336e+003  3.1900000e+000
  6.8640000e+001  2.1332558e+003  3.1600000e+000
  6.8740000e+001  2.1362157e+003  2.8400000e+000
  6.8840000e+001  2.1387185e+003  2.3600000e+000
  6.9040000e+001  2.1437259e+003  3.3400000e+000
  6.9140000e+001  2.1466124e+003  3.8800000e+000
  6.9440000e+001  2.1559898e+003  4.2100000e+000
  6.9540000e+001  2.1591238e+003  3.8900000e+000
  6.9640000e+001  2.1622525e+003  3.9900000e+000
  6.9740000e+001  2.1653772e+003  3.7400000e+000
  6.9840000e+001  2.1685020e+003  3.6800000e+000
  6.9940000e+001  2.1710488e+003  3.5900000e+000
  7.0140000e+001  2.1760555e+003  3.2800000e+000
  7.0240000e+001  2.1785586e+003  3.2000000e+000
  7.0340000e+001  2.1810627e+003  3.1600000e+000
  7.0440000e+001  2.1835638e+003  3.1700000e+000
  7.0540000e+001  2.1860611e+003  3.3700000e+000
  7.0640000e+001  2.1885625e+003  2.5200000e+000
  7.0740000e+001  2.1910666e+003  3.6600000e+000
  7.0840000e+001  2.1935696e+003  3.9800000e+000
  7.0940000e+001  2.1960724e+003  3.6500000e+000
  7.1040000e+001  2.1991702e+003  3.8000000e+000
  7.1140000e+001  2.2022996e+003  3.9000000e+000
  7.1240000e+001  2.2054217e+003  3.7100000e+000
  7.1340000e+001  2.2085538e+003  3.6100000e+000
  7.1440000e+001  2.2116822e+003  3.4100000e+000
  7.1540000e+001  2.2148084e+003  3.3400000e+000
  7.1640000e+001  2.2179331e+003  3.4900000e+000
  7.1740000e+001  2.2210652e+003  3.4100000e+000
  7.1840000e+001  2.2236263e+003  3.1700000e+000
  7.1940000e+001  2.2261252e+003  3.3800000e+000
  7.2040000e+001  2.2286279e+003  3.1900000e+000
  7.2140000e+001  2.2311310e+003  3.3500000e+000
  7.2240000e+001  2.2336351e+003  3.5200000e+000
  7.2340000e+001  2.2361386e+003  3.6600000e+000
  7.2440000e+001  2.2386414e+003  3.6300000e+000
  7.2540000e+001  2.2415081e+003  3.9900000e+000
  7.2640000e+001  2.2446400e+003  3.6400000e+000
  7.2740000e+001  2.2477648e+003  3.7300000e+000
  7.2840000e+001  2.2508895e+003  3.4400000e+000
  7.2940000e+001  2.2536692e+003  2.7700000e+000
  7.3140000e+001  2.2586695e+003  2.7900000e+000
  7.3340000e+001  2.2636762e+003  3.1100000e+000
  7.3540000e+001  2.2686829e+003  2.7600000e+000
  7.3930000e+001  2.2822900e+003  3.6200000e+000
  7.4030000e+001  2.2861971e+003  3.4100000e+000
  7.4380000e+001  2.2972529e+003  2.7400000e+000
  7.4480000e+001  2.2997559e+003  2.6200000e+000
  7.4530000e+001  2.3010080e+003  2.5000000e+000
  7.4780000e+001  2.3072587e+003  2.7400000e+000
  7.5030000e+001  2.3155686e+003  3.5600000e+000
  7.5180000e+001  2.3214305e+003  3.3300000e+000
  7.5380000e+001  2.3291858e+003  3.7300000e+000
  7.5430000e+001  2.3307534e+003  3.3000000e+000
  7.5480000e+001  2.3323203e+003  3.4800000e+000
  7.5530000e+001  2.3338813e+003  3.1200000e+000
  7.5580000e+001  2.3354456e+003  3.1600000e+000
  7.5630000e+001  2.3367685e+003  3.2500000e+000
  7.5680000e+001  2.3380199e+003  2.9400000e+000
  7.5730000e+001  2.3392713e+003  2.8500000e+000
  7.5780000e+001  2.3405227e+003  3.0400000e+000
  7.5830000e+001  2.3417748e+003  2.9900000e+000
  7.5880000e+001  2.3430268e+003  2.9400000e+000
  7.5980000e+001  2.3455294e+003  3.0000000e+000
  7.6030000e+001  2.3467780e+003  2.9700000e+000
  7.6130000e+001  2.3492753e+003  3.3000000e+000
  7.6180000e+001  2.3507803e+003  3.5800000e+000
  7.6280000e+001  2.3539051e+003  3.0300000e+000
  7.6380000e+001  2.3571875e+003  3.4400000e+000
  7.6430000e+001  2.3591411e+003  3.5300000e+000
  7.6480000e+001  2.3610946e+003  3.7200000e+000
  7.7130000e+001  2.3823095e+003  2.5600000e+000
  7.7730000e+001  2.4017929e+003  3.3600000e+000
  7.7830000e+001  2.4064902e+003  3.2400000e+000
  7.7930000e+001  2.4111760e+003  2.9600000e+000
  7.8030000e+001  2.4159938e+003  3.2400000e+000
  7.8130000e+001  2.4212039e+003  3.3700000e+000
  7.8430000e+001  2.4368455e+003  4.1200000e+000
  7.8530000e+001  2.4415593e+003  4.0900000e+000
  7.8630000e+001  2.4457308e+003  3.3800000e+000
  7.8730000e+001  2.4496379e+003  3.8100000e+000
  7.8830000e+001  2.4531150e+003  3.4500000e+000
  7.8930000e+001  2.4559593e+003  2.8200000e+000
  7.9130000e+001  2.4609667e+003  3.0100000e+000
  7.9230000e+001  2.4634694e+003  2.4600000e+000
  7.9330000e+001  2.4659732e+003  3.0000000e+000
  7.9430000e+001  2.4684773e+003  3.1800000e+000
  7.9530000e+001  2.4709749e+003  3.0900000e+000
  7.9730000e+001  2.4772888e+003  3.5800000e+000
  7.9830000e+001  2.4811978e+003  3.7400000e+000
  8.0030000e+001  2.4890177e+003  3.8200000e+000
  8.0130000e+001  2.4926343e+003  3.3900000e+000
  8.0230000e+001  2.4957590e+003  3.5800000e+000
  8.0530000e+001  2.5051459e+003  3.4200000e+000
  8.0630000e+001  2.5082711e+003  3.3900000e+000
  8.0730000e+001  2.5114002e+003  3.0700000e+000
  8.0830000e+001  2.5151466e+003  4.0400000e+000
  8.1030000e+001  2.5229644e+003  4.2600000e+000
  8.1230000e+001  2.5307800e+003  3.9200000e+000
  8.1430000e+001  2.5386034e+003  3.6200000e+000
  8.1530000e+001  2.5421431e+003  3.4500000e+000
  8.1630000e+001  2.5452651e+003  3.1100000e+000
  8.1730000e+001  2.5483996e+003  2.6700000e+000
  8.1930000e+001  2.5546523e+003  3.4700000e+000
  8.2030000e+001  2.5577770e+003  3.3200000e+000
  8.2130000e+001  2.5609118e+003  3.4300000e+000
  8.2230000e+001  2.5640397e+003  3.6300000e+000
  8.2330000e+001  2.5671302e+003  3.3900000e+000
  8.2430000e+001  2.5696343e+003  3.3300000e+000
  8.2530000e+001  2.5721369e+003  3.4200000e+000
  8.2630000e+001  2.5746341e+003  3.3400000e+000
  8.2730000e+001  2.5771336e+003  3.3000000e+000
  8.2830000e+001  2.5796363e+003  2.8800000e+000
  8.2930000e+001  2.5821398e+003  3.3700000e+000
  8.3030000e+001  2.5846439e+003  3.1100000e+000
  8.3130000e+001  2.5871470e+003  3.2800000e+000
  8.3230000e+001  2.5896497e+003  3.4300000e+000
  8.3370000e+001  2.5931554e+003  3.0500000e+000
  8.3470000e+001  2.5960415e+003  3.4500000e+000
  8.3570000e+001  2.5999486e+003  3.8900000e+000
  8.3670000e+001  2.6038574e+003  3.6600000e+000
  8.3770000e+001  2.6076244e+003  3.6700000e+000
  8.3870000e+001  2.6107541e+003  3.5000000e+000
  8.3970000e+001  2.6138789e+003  3.2300000e+000
  8.4060000e+001  2.6166935e+003  3.3400000e+000
  8.4170000e+001  2.6201359e+003  3.2200000e+000
  8.4270000e+001  2.6232662e+003  2.6300000e+000
  8.4770000e+001  2.6405702e+003  3.3900000e+000
  8.4870000e+001  2.6444832e+003  3.8500000e+000
  8.5070000e+001  2.6523008e+003  3.4800000e+000
  8.5170000e+001  2.6559929e+003  2.5300000e+000
  8.5270000e+001  2.6585462e+003  2.5900000e+000
  8.5370000e+001  2.6610452e+003  3.0000000e+000
  8.5470000e+001  2.6635480e+003  3.1000000e+000
  8.5670000e+001  2.6685552e+003  2.6900000e+000
  8.5870000e+001  2.6749954e+003  3.0900000e+000
  8.5970000e+001  2.6789032e+003  3.1300000e+000
  8.6170000e+001  2.6867207e+003  3.5200000e+000
  8.6570000e+001  2.7023630e+003  3.2900000e+000
  8.6890000e+001  2.7148719e+003  3.9000000e+000
  8.6980000e+001  2.7183960e+003  3.6700000e+000
  8.7090000e+001  2.7226938e+003  3.7700000e+000
  8.7200000e+001  2.7269938e+003  3.6200000e+000
  8.7300000e+001  2.7306182e+003  2.9600000e+000
  8.7380000e+001  2.7330827e+003  2.8000000e+000
  8.7500000e+001  2.7360859e+003  3.1400000e+000
  8.7600000e+001  2.7385893e+003  2.7700000e+000
  8.7800000e+001  2.7435966e+003  3.0200000e+000
  8.7900000e+001  2.7460994e+003  2.8700000e+000
  8.8000000e+001  2.7485989e+003  2.6500000e+000
  8.8090000e+001  2.7508477e+003  2.8600000e+000
  8.8300000e+001  2.7561030e+003  2.9200000e+000
  8.8400000e+001  2.7586071e+003  2.8400000e+000
  8.8500000e+001  2.7611108e+003  2.9900000e+000
  8.8800000e+001  2.7686210e+003  2.6700000e+000
  8.9000000e+001  2.7746359e+003  3.0200000e+000
  8.9100000e+001  2.7777662e+003  2.8900000e+000
  8.9200000e+001  2.7808910e+003  2.6700000e+000
  8.9300000e+001  2.7840189e+003  2.9000000e+000
  8.9380000e+001  2.7865207e+003  2.9600000e+000
  8.9510000e+001  2.7915492e+003  2.8400000e+000
  8.9590000e+001  2.7948281e+003  3.2500000e+000
  8.9710000e+001  2.8001921e+003  3.4500000e+000
  8.9800000e+001  2.8044101e+003  3.6000000e+000
  8.9900000e+001  2.8091011e+003  3.0600000e+000
  9.0000000e+001  2.8137959e+003  3.4100000e+000
  9.0100000e+001  2.8185785e+003  3.3700000e+000
  9.0300000e+001  2.8290074e+003  3.1400000e+000
  9.0380000e+001  2.8331788e+003  2.8400000e+000
  9.0500000e+001  2.8394316e+003  2.9900000e+000
  9.0600000e+001  2.8446411e+003  3.5200000e+000
  9.0700000e+001  2.8498569e+003  3.1700000e+000
  9.0800000e+001  2.8550729e+003  3.1500000e+000
  9.0910000e+001  2.8608057e+003  2.7300000e+000
  9.1000000e+001  2.8654942e+003  3.2100000e+000
  9.1090000e+001  2.8701827e+003  2.9500000e+000
  9.1210000e+001  2.8764383e+003  3.1500000e+000
  9.1300000e+001  2.8811378e+003  3.3300000e+000
  9.1390000e+001  2.8858264e+003  3.2800000e+000
  9.1500000e+001  2.8908838e+003  3.1400000e+000
  9.1600000e+001  2.8950077e+003  2.6700000e+000
  9.1700000e+001  2.8989174e+003  2.8800000e+000
  9.1800000e+001  2.9028253e+003  2.9600000e+000
  9.2000000e+001  2.9091136e+003  3.0100000e+000
  9.2100000e+001  2.9116173e+003  3.0400000e+000
  9.2300000e+001  2.9166134e+003  3.4000000e+000
  9.2590000e+001  2.9238736e+003  3.0700000e+000
  9.2610000e+001  2.9243741e+003  3.1500000e+000
  9.2710000e+001  2.9268777e+003  3.2500000e+000
  9.3010000e+001  2.9340933e+003  3.0600000e+000
  9.3210000e+001  2.9387868e+003  3.1000000e+000
  9.3310000e+001  2.9411343e+003  3.2400000e+000
  9.3910000e+001  2.9552050e+003  2.8900000e+000
  9.4110000e+001  2.9598999e+003  2.7300000e+000
  9.4210000e+001  2.9622451e+003  2.8800000e+000
  9.4310000e+001  2.9645883e+003  2.8200000e+000
  9.4510000e+001  2.9692811e+003  3.0300000e+000
  9.4610000e+001  2.9716736e+003  3.2400000e+000
  9.4910000e+001  2.9791760e+003  3.2800000e+000
  9.5310000e+001  2.9891873e+003  3.0200000e+000
  9.5510000e+001  2.9941923e+003  3.2200000e+000
  9.5610000e+001  2.9966910e+003  2.8000000e+000
  9.5710000e+001  2.9991908e+003  3.1900000e+000
  9.5910000e+001  3.0041969e+003  3.2400000e+000
  9.6190000e+001  3.0112064e+003  3.3200000e+000
  9.6290000e+001  3.0137100e+003  3.2500000e+000
  9.6390000e+001  3.0162141e+003  3.2700000e+000
  9.6590000e+001  3.0212101e+003  3.3400000e+000
  9.6690000e+001  3.0237139e+003  3.0200000e+000
  9.6790000e+001  3.0262178e+003  3.0700000e+000
  9.6890000e+001  3.0287206e+003  2.2700000e+000
  9.7090000e+001  3.0337278e+003  2.5300000e+000
  9.7290000e+001  3.0405000e+003  2.9100000e+000
  9.7390000e+001  3.0444114e+003  3.3900000e+000
  9.7490000e+001  3.0483247e+003  3.3000000e+000
  9.7590000e+001  3.0522344e+003  2.7200000e+000
  9.7690000e+001  3.0555914e+003  2.7400000e+000
  9.7790000e+001  3.0587169e+003  2.7900000e+000
  9.7890000e+001  3.0618429e+003  2.8900000e+000
  9.7990000e+001  3.0649401e+003  2.7600000e+000
  9.8090000e+001  3.0674429e+003  2.8800000e+000
  9.8190000e+001  3.0699459e+003  2.7000000e+000
  9.8290000e+001  3.0724500e+003  2.3100000e+000
  9.8390000e+001  3.0749536e+003  2.6700000e+000
  9.8490000e+001  3.0774563e+003  2.6500000e+000
  9.8590000e+001  3.0803011e+003  2.9800000e+000
  9.8690000e+001  3.0834293e+003  2.9400000e+000
  9.8790000e+001  3.0865637e+003  2.9100000e+000
  9.8890000e+001  3.0896885e+003  2.9400000e+000
  1.0121000e+002  3.1164605e+003  2.8300000e+000
  1.0131000e+002  3.1176060e+003  2.8400000e+000
  1.0141000e+002  3.1187514e+003  2.9000000e+000
  1.0151000e+002  3.1198969e+003  3.0200000e+000
  1.0161000e+002  3.1238832e+003  3.1200000e+000
  1.0191000e+002  3.1366849e+003  3.1400000e+000
  1.0201000e+002  3.1409522e+003  3.2000000e+000
  1.0211000e+002  3.1451255e+003  3.1900000e+000
  1.0221000e+002  3.1479794e+003  2.7200000e+000
  1.0241000e+002  3.1534415e+003  2.9900000e+000
  1.0251000e+002  3.1560155e+003  2.5300000e+000
  1.0261000e+002  3.1585759e+003  2.6200000e+000
  1.0281000e+002  3.1636966e+003  2.6300000e+000
  1.0291000e+002  3.1662569e+003  2.3600000e+000
  1.0311000e+002  3.1713776e+003  2.9000000e+000
  1.0331000e+002  3.1764983e+003  2.7400000e+000
  1.0341000e+002  3.1790586e+003  2.5500000e+000
  1.0351000e+002  3.1816190e+003  2.7600000e+000
  1.0361000e+002  3.1841793e+003  2.8800000e+000
  1.0371000e+002  3.1867397e+003  2.9600000e+000
  1.0381000e+002  3.1893000e+003  2.7100000e+000
  1.0391000e+002  3.1918603e+003  2.5800000e+000
  1.0421000e+002  3.1995670e+003  2.9000000e+000
  1.0431000e+002  3.2021273e+003  2.4500000e+000
  1.0441000e+002  3.2046877e+003  2.6400000e+000
  1.0461000e+002  3.2098084e+003  2.6800000e+000
  1.0471000e+002  3.2123687e+003  2.6400000e+000
  1.0491000e+002  3.2174894e+003  2.8900000e+000
  1.0501000e+002  3.2200497e+003  3.0100000e+000
  1.0511000e+002  3.2226101e+003  2.6100000e+000
  1.0521000e+002  3.2251704e+003  2.8500000e+000
  1.0591000e+002  3.2439070e+003  2.9500000e+000
  1.0601000e+002  3.2466381e+003  2.6900000e+000
  1.0611000e+002  3.2493691e+003  2.6100000e+000
  1.0631000e+002  3.2548312e+003  3.0100000e+000
  1.0641000e+002  3.2575622e+003  2.7100000e+000
  1.0661000e+002  3.2630243e+003  2.9200000e+000
  1.0681000e+002  3.2684863e+003  3.0200000e+000
  1.0691000e+002  3.2712174e+003  2.8700000e+000
  1.0730000e+002  3.2837255e+003  3.6700000e+000
  1.0740000e+002  3.2871393e+003  3.4800000e+000
  1.0750000e+002  3.2905531e+003  3.5300000e+000
  1.0760000e+002  3.2939669e+003  3.6800000e+000
  1.0770000e+002  3.2973807e+003  3.6700000e+000
  1.0780000e+002  3.3007945e+003  3.6400000e+000
  1.0810000e+002  3.3110359e+003  3.3700000e+000
  1.0820000e+002  3.3144497e+003  3.3000000e+000
  1.0830000e+002  3.3178634e+003  3.0800000e+000
  1.0850000e+002  3.3246910e+003  3.1700000e+000
  1.0860000e+002  3.3281048e+003  3.1800000e+000
  1.0861000e+002  3.3284462e+003  3.1300000e+000
  1.0881000e+002  3.3352738e+003  3.0500000e+000
  1.0891000e+002  3.3386876e+003  3.2000000e+000
  1.0901000e+002  3.3421014e+003  2.9700000e+000
  1.0911000e+002  3.3455152e+003  3.2100000e+000
  1.0921000e+002  3.3489290e+003  3.1400000e+000
  1.0931000e+002  3.3523428e+003  3.0700000e+000
  1.0941000e+002  3.3557566e+003  2.9900000e+000
  1.0951000e+002  3.3591703e+003  3.1200000e+000
  1.0961000e+002  3.3625841e+003  2.8600000e+000
  1.0971000e+002  3.3659979e+003  2.9500000e+000
  1.0981000e+002  3.3694117e+003  3.0400000e+000
  1.0991000e+002  3.3728597e+003  3.5100000e+000
  1.1011000e+002  3.3796872e+003  3.1700000e+000
  1.1021000e+002  3.3831010e+003  3.1500000e+000
  1.1041000e+002  3.3899286e+003  3.2900000e+000
  1.1051000e+002  3.3933424e+003  3.0000000e+000
  1.1051000e+002  3.3933424e+003  3.0600000e+000
  1.1061000e+002  3.3967562e+003  3.0600000e+000
  1.1071000e+002  3.4001700e+003  3.0400000e+000
  1.1081000e+002  3.4035838e+003  2.8000000e+000
  1.1091000e+002  3.4069976e+003  2.8800000e+000
  1.1101000e+002  3.4104114e+003  2.8500000e+000
  1.1111000e+002  3.4138252e+003  2.7900000e+000
  1.1121000e+002  3.4172390e+003  2.8200000e+000
  1.1131000e+002  3.4206528e+003  3.0700000e+000
  1.1141000e+002  3.4240666e+003  2.9400000e+000
  1.1151000e+002  3.4274803e+003  3.0000000e+000
  1.1161000e+002  3.4308941e+003  2.9700000e+000
  1.1171000e+002  3.4343079e+003  2.8200000e+000
  1.1191000e+002  3.4411355e+003  2.7600000e+000
  1.1201000e+002  3.4445493e+003  2.8100000e+000
  1.1211000e+002  3.4479631e+003  3.0900000e+000
  1.1241000e+002  3.4582045e+003  3.2700000e+000
  1.1251000e+002  3.4616183e+003  2.9700000e+000
  1.1261000e+002  3.4647317e+003  3.2300000e+000
  1.1271000e+002  3.4674627e+003  3.0300000e+000
  1.1281000e+002  3.4701937e+003  2.9600000e+000
  1.1291000e+002  3.4729248e+003  2.6500000e+000
  1.1301000e+002  3.4756558e+003  2.6200000e+000
  1.1311000e+002  3.4783868e+003  2.8300000e+000
  1.1321000e+002  3.4811179e+003  2.9400000e+000
  1.1351000e+002  3.4893110e+003  2.8600000e+000
  1.1351000e+002  3.4893110e+003  3.0400000e+000
  1.1361000e+002  3.4920420e+003  2.7500000e+000
  1.1371000e+002  3.4947730e+003  2.8800000e+000
  1.1381000e+002  3.4975041e+003  3.0700000e+000
  1.1391000e+002  3.5002351e+003  2.8900000e+000
  1.1401000e+002  3.5029661e+003  2.9500000e+000
  1.1411000e+002  3.5056972e+003  2.7200000e+000
  1.1481000e+002  3.5248144e+003  3.2400000e+000
  1.1489000e+002  3.5269992e+003  3.1600000e+000
  1.1498000e+002  3.5294572e+003  2.9800000e+000
  1.1501000e+002  3.5302765e+003  3.1400000e+000
  1.1508000e+002  3.5321882e+003  2.8700000e+000
  1.1518000e+002  3.5349192e+003  3.0400000e+000
  1.1521000e+002  3.5357386e+003  2.5700000e+000
  1.1538000e+002  3.5403813e+003  2.5700000e+000
  1.1551000e+002  3.5439317e+003  2.8600000e+000
  1.1568000e+002  3.5485875e+003  2.6600000e+000
  1.1571000e+002  3.5494125e+003  2.7900000e+000
  1.1581000e+002  3.5521521e+003  2.8500000e+000
  1.1591000e+002  3.5548831e+003  3.1200000e+000
  1.1601000e+002  3.5576141e+003  2.8400000e+000
  1.1611000e+002  3.5603452e+003  3.0800000e+000
  1.1631000e+002  3.5658072e+003  2.6500000e+000
  1.1638000e+002  3.5677190e+003  2.6700000e+000
  1.1641000e+002  3.5685383e+003  2.5600000e+000
  1.1648000e+002  3.5704500e+003  2.8000000e+000
  1.1651000e+002  3.5712693e+003  2.5200000e+000
  1.1658000e+002  3.5731810e+003  2.7000000e+000
  1.1661000e+002  3.5740003e+003  2.4700000e+000
  1.1681000e+002  3.5794624e+003  3.3100000e+000
  1.1691000e+002  3.5821934e+003  3.2400000e+000
  1.1701000e+002  3.5849245e+003  3.2100000e+000
  1.1711000e+002  3.5876555e+003  3.1600000e+000
  1.1731000e+002  3.5931176e+003  3.3700000e+000
  1.1751000e+002  3.5985797e+003  3.2600000e+000
  1.1761000e+002  3.6013107e+003  2.8600000e+000
  1.1781000e+002  3.6079334e+003  2.9600000e+000
  1.1791000e+002  3.6113472e+003  2.9700000e+000
  1.1811000e+002  3.6181748e+003  3.1600000e+000
  1.1841000e+002  3.6277130e+003  3.1100000e+000
  1.1851000e+002  3.6304440e+003  3.4000000e+000
  1.1861000e+002  3.6331750e+003  3.1700000e+000
  1.1871000e+002  3.6359061e+003  3.2600000e+000
  1.1881000e+002  3.6386371e+003  2.9500000e+000
  1.1891000e+002  3.6413681e+003  2.7500000e+000
  1.1901000e+002  3.6440992e+003  2.7700000e+000
  1.1911000e+002  3.6468302e+003  2.7900000e+000
  1.1921000e+002  3.6495612e+003  2.9100000e+000
  1.1931000e+002  3.6522923e+003  2.8000000e+000
  1.1941000e+002  3.6550233e+003  2.9800000e+000
  1.1951000e+002  3.6577543e+003  2.8200000e+000
  1.1961000e+002  3.6604854e+003  3.0400000e+000
  1.1971000e+002  3.6638855e+003  3.1600000e+000
  1.1981000e+002  3.6679991e+003  3.0600000e+000
  1.1987000e+002  3.6705595e+003  3.3400000e+000
  1.1997000e+002  3.6748267e+003  3.2400000e+000
  1.2007000e+002  3.6790940e+003  2.9400000e+000
  1.2017000e+002  3.6833612e+003  2.7500000e+000
  1.2047000e+002  3.6937903e+003  2.9000000e+000
  1.2057000e+002  3.6972041e+003  3.3700000e+000
  1.2067000e+002  3.7006179e+003  3.0100000e+000
  1.2077000e+002  3.7040317e+003  3.4400000e+000
  1.2127000e+002  3.7211007e+003  3.0500000e+000
  1.2137000e+002  3.7245145e+003  2.8600000e+000
  1.2147000e+002  3.7279307e+003  2.9200000e+000
  1.2157000e+002  3.7313762e+003  3.0100000e+000
  1.2177000e+002  3.7382038e+003  2.9400000e+000
  1.2187000e+002  3.7416176e+003  3.1200000e+000
  1.2197000e+002  3.7450314e+003  3.2400000e+000
  1.2207000e+002  3.7484452e+003  2.9800000e+000
  1.2217000e+002  3.7518590e+003  2.9600000e+000
  1.2227000e+002  3.7552728e+003  2.8300000e+000
  1.2237000e+002  3.7580652e+003  3.0200000e+000
  1.2247000e+002  3.7607963e+003  2.9300000e+000
  1.2257000e+002  3.7635273e+003  3.0700000e+000
  1.2267000e+002  3.7662583e+003  2.9500000e+000
  1.2277000e+002  3.7689894e+003  3.1200000e+000
  1.2287000e+002  3.7717204e+003  3.1100000e+000
  1.2297000e+002  3.7744514e+003  2.9000000e+000
  1.2307000e+002  3.7771825e+003  3.5400000e+000
  1.2317000e+002  3.7799135e+003  3.2800000e+000
  1.2327000e+002  3.7826446e+003  3.5400000e+000
  1.2337000e+002  3.7853756e+003  2.8600000e+000
  1.2357000e+002  3.7917321e+003  3.1500000e+000
  1.2367000e+002  3.7951459e+003  3.0400000e+000
  1.2387000e+002  3.8019734e+003  2.9400000e+000
  1.2407000e+002  3.8088010e+003  3.4500000e+000
  1.2427000e+002  3.8156286e+003  3.1200000e+000
  1.2437000e+002  3.8190424e+003  3.0300000e+000
  1.2447000e+002  3.8223470e+003  3.4800000e+000
  1.2457000e+002  3.8250780e+003  3.4500000e+000
  1.2467000e+002  3.8278090e+003  3.5000000e+000
  1.2517000e+002  3.8414642e+003  3.0100000e+000
  1.2527000e+002  3.8441952e+003  2.8200000e+000
  1.2537000e+002  3.8469263e+003  3.1800000e+000
  1.2547000e+002  3.8496573e+003  2.9000000e+000
  1.2557000e+002  3.8523883e+003  2.9700000e+000
  1.2577000e+002  3.8578504e+003  2.8600000e+000
  1.2587000e+002  3.8605814e+003  2.8300000e+000
  1.2597000e+002  3.8637631e+003  3.2000000e+000
  1.2607000e+002  3.8671769e+003  3.5000000e+000
  1.2617000e+002  3.8705907e+003  3.3500000e+000
  1.2627000e+002  3.8740045e+003  3.3700000e+000
  1.2637000e+002  3.8774183e+003  3.2000000e+000
  1.2647000e+002  3.8808321e+003  3.1000000e+000
  1.2657000e+002  3.8842459e+003  2.6200000e+000
  1.2677000e+002  3.8910734e+003  2.8100000e+000
  1.2687000e+002  3.8944872e+003  3.2900000e+000
  1.2692000e+002  3.8961941e+003  2.7800000e+000
  1.2702000e+002  3.8993143e+003  2.9500000e+000
  1.2712000e+002  3.9020454e+003  2.7900000e+000
  1.2722000e+002  3.9047764e+003  2.9100000e+000
  1.2732000e+002  3.9075175e+003  2.8500000e+000
  1.2752000e+002  3.9129968e+003  2.9300000e+000
  1.2762000e+002  3.9161648e+003  2.9600000e+000
  1.2772000e+002  3.9195786e+003  2.9100000e+000
  1.2782000e+002  3.9229924e+003  2.9600000e+000
  1.2792000e+002  3.9264062e+003  2.9700000e+000
  1.2802000e+002  3.9298200e+003  2.9500000e+000
  1.2812000e+002  3.9332338e+003  3.0700000e+000
  1.2822000e+002  3.9366476e+003  2.7000000e+000
  1.2832000e+002  3.9400614e+003  3.0000000e+000
  1.2842000e+002  3.9434752e+003  3.3600000e+000
  1.2872000e+002  3.9537166e+003  3.0500000e+000
  1.2882000e+002  3.9571303e+003  3.0200000e+000
  1.2892000e+002  3.9605441e+003  2.8200000e+000
  1.2902000e+002  3.9639579e+003  2.8500000e+000
  1.2912000e+002  3.9673717e+003  2.9100000e+000
  1.2932000e+002  3.9746516e+003  2.9300000e+000
  1.2942000e+002  3.9789189e+003  2.9200000e+000
  1.2952000e+002  3.9831861e+003  3.0100000e+000
  1.2962000e+002  3.9874534e+003  3.0600000e+000
  1.2972000e+002  3.9917206e+003  3.0300000e+000
  1.2987000e+002  3.9981215e+003  3.4900000e+000
  1.2997000e+002  4.0023290e+003  3.3500000e+000
  1.3007000e+002  4.0057428e+003  3.1600000e+000
  1.3017000e+002  4.0091566e+003  3.2100000e+000
  1.3027000e+002  4.0125703e+003  3.0800000e+000
  1.3047000e+002  4.0193979e+003  3.2300000e+000
  1.3057000e+002  4.0228117e+003  3.0900000e+000
  1.3067000e+002  4.0262255e+003  3.2500000e+000
  1.3097000e+002  4.0364669e+003  3.2600000e+000
  1.3107000e+002  4.0398807e+003  3.1200000e+000
  1.3117000e+002  4.0432945e+003  3.1600000e+000
  1.3127000e+002  4.0467083e+003  3.1500000e+000
  1.3137000e+002  4.0501221e+003  3.0000000e+000
  1.3147000e+002  4.0535359e+003  3.0700000e+000
  1.3157000e+002  4.0569497e+003  3.1600000e+000
  1.3167000e+002  4.0603634e+003  3.0200000e+000
  1.3177000e+002  4.0637772e+003  3.2200000e+000
  1.3187000e+002  4.0671910e+003  2.7700000e+000
  1.3197000e+002  4.0706048e+003  3.1200000e+000
  1.3207000e+002  4.0740186e+003  3.2600000e+000
  1.3237000e+002  4.0842600e+003  3.1800000e+000
  1.3247000e+002  4.0876738e+003  2.8500000e+000
  1.3267000e+002  4.0945014e+003  3.2300000e+000
  1.3277000e+002  4.0979152e+003  2.5100000e+000
  1.3287000e+002  4.1013290e+003  3.2200000e+000
  1.3297000e+002  4.1047428e+003  2.9600000e+000
  1.3307000e+002  4.1081566e+003  3.1000000e+000
  1.3317000e+002  4.1116045e+003  2.8900000e+000
  1.3327000e+002  4.1150183e+003  2.9400000e+000
  1.3337000e+002  4.1184321e+003  2.7800000e+000
  1.3347000e+002  4.1218459e+003  2.7200000e+000
  1.3357000e+002  4.1252597e+003  3.0300000e+000
  1.3367000e+002  4.1286734e+003  3.0000000e+000
  1.3387000e+002  4.1355010e+003  2.8100000e+000
  1.3397000e+002  4.1389148e+003  2.9300000e+000
  1.3407000e+002  4.1423286e+003  2.9200000e+000
  1.3417000e+002  4.1460155e+003  3.0000000e+000
  1.3427000e+002  4.1502828e+003  2.9100000e+000
  1.3437000e+002  4.1545500e+003  3.2400000e+000
  1.3447000e+002  4.1588172e+003  2.9900000e+000
  1.3467000e+002  4.1673517e+003  3.2800000e+000
  1.3497000e+002  4.1801534e+003  2.8800000e+000
  1.3507000e+002  4.1844207e+003  2.6800000e+000
  1.3527000e+002  4.1929552e+003  3.0600000e+000
  1.3537000e+002  4.1972224e+003  2.9700000e+000
  1.3547000e+002  4.2014897e+003  2.9800000e+000
  1.3557000e+002  4.2057569e+003  3.2000000e+000
  1.3567000e+002  4.2100241e+003  2.8600000e+000
  1.3577000e+002  4.2143141e+003  2.6400000e+000
  1.3587000e+002  4.2188659e+003  2.8400000e+000
  1.3597000e+002  4.2234176e+003  2.8500000e+000
  1.3607000e+002  4.2282367e+003  3.0700000e+000
  1.3647000e+002  4.2502728e+003  3.2100000e+000
  1.3667000e+002  4.2616521e+003  3.1500000e+000
  1.3677000e+002  4.2673417e+003  3.6400000e+000
  1.3697000e+002  4.2787210e+003  2.8800000e+000
  1.3707000e+002  4.2844107e+003  3.1100000e+000
  1.3737000e+002  4.3003417e+003  3.3300000e+000
  1.3747000e+002  4.3048934e+003  2.8200000e+000
  1.3777000e+002  4.3181987e+003  2.8500000e+000
  1.3797000e+002  4.3267332e+003  3.0900000e+000
  1.3805000e+002  4.3301470e+003  3.0000000e+000
  1.3815000e+002  4.3340814e+003  2.9100000e+000
  1.3825000e+002  4.3374952e+003  2.8900000e+000
  1.3835000e+002  4.3409090e+003  2.5600000e+000
  1.3845000e+002  4.3443228e+003  2.8100000e+000
  1.3865000e+002  4.3511503e+003  2.6000000e+000
  1.3895000e+002  4.3614259e+003  2.9300000e+000
  1.3905000e+002  4.3648397e+003  2.9600000e+000
  1.3915000e+002  4.3682534e+003  2.8300000e+000
  1.3935000e+002  4.3755163e+003  2.7700000e+000
  1.3945000e+002  4.3797835e+003  2.8900000e+000
  1.3955000e+002  4.3840508e+003  2.7700000e+000
  1.3965000e+002  4.3883180e+003  2.7100000e+000
  1.3975000e+002  4.3925853e+003  2.6100000e+000
  1.3985000e+002  4.3968525e+003  2.8100000e+000
  1.3995000e+002  4.4013217e+003  2.7900000e+000
  1.4005000e+002  4.4058734e+003  2.8600000e+000
  1.4010000e+002  4.4081493e+003  2.8400000e+000
  1.4013000e+002  4.4095148e+003  2.9400000e+000
  1.4015000e+002  4.4104821e+003  3.2100000e+000
  1.4023000e+002  4.4147607e+003  3.1600000e+000
  1.4025000e+002  4.4158986e+003  3.0700000e+000
  1.4035000e+002  4.4215883e+003  2.9100000e+000
  1.4045000e+002  4.4272779e+003  2.8000000e+000
  1.4055000e+002  4.4329676e+003  2.8500000e+000
  1.4065000e+002  4.4386572e+003  2.9500000e+000
  1.4070000e+002  4.4415021e+003  2.8600000e+000
  1.4075000e+002  4.4443469e+003  2.9000000e+000
  1.4080000e+002  4.4471917e+003  2.4400000e+000
  1.4085000e+002  4.4500366e+003  3.0900000e+000
  1.4092000e+002  4.4538714e+003  2.9400000e+000
  1.4095000e+002  4.4554076e+003  2.9300000e+000
  1.4100000e+002  4.4576948e+003  2.6100000e+000
  1.4102000e+002  4.4586052e+003  2.3100000e+000
  1.4105000e+002  4.4599707e+003  2.9200000e+000
  1.4110000e+002  4.4622466e+003  2.5000000e+000
  1.4115000e+002  4.4645224e+003  2.6400000e+000
  1.4125000e+002  4.4690741e+003  2.8200000e+000
  1.4132000e+002  4.4722603e+003  2.6500000e+000
  1.4135000e+002  4.4736259e+003  2.7200000e+000
  1.4143000e+002  4.4772672e+003  2.5300000e+000
  1.4145000e+002  4.4781776e+003  3.0900000e+000
  1.4153000e+002  4.4818190e+003  2.6500000e+000
  1.4155000e+002  4.4827293e+003  2.8500000e+000
  1.4165000e+002  4.4872810e+003  2.8800000e+000
  1.4175000e+002  4.4918328e+003  3.1000000e+000
  1.4185000e+002  4.4963048e+003  2.9000000e+000
  1.4195000e+002  4.5005721e+003  2.9100000e+000
  1.4205000e+002  4.5048393e+003  2.9600000e+000
  1.4215000e+002  4.5082872e+003  2.8500000e+000
  1.4220000e+002  4.5099941e+003  2.8700000e+000
  1.4234000e+002  4.5147734e+003  2.8000000e+000
  1.4239000e+002  4.5164803e+003  3.0700000e+000
  1.4240000e+002  4.5168217e+003  2.8500000e+000
  1.4249000e+002  4.5192933e+003  2.9700000e+000
  1.4254000e+002  4.5206588e+003  2.2600000e+000
  1.4259000e+002  4.5220243e+003  2.9600000e+000
  1.4264000e+002  4.5233899e+003  2.7100000e+000
  1.4269000e+002  4.5247554e+003  3.1800000e+000
  1.4284000e+002  4.5288519e+003  2.7400000e+000
  1.4289000e+002  4.5302174e+003  3.1200000e+000
  1.4294000e+002  4.5315830e+003  2.7500000e+000
  1.4299000e+002  4.5329485e+003  2.9600000e+000
  1.4309000e+002  4.5356795e+003  3.3300000e+000
  1.4324000e+002  4.5397761e+003  2.8200000e+000
  1.4329000e+002  4.5411416e+003  3.1700000e+000
  1.4339000e+002  4.5438726e+003  3.2000000e+000
  1.4359000e+002  4.5505159e+003  2.8800000e+000
  1.4364000e+002  4.5522228e+003  2.3800000e+000
  1.4369000e+002  4.5539297e+003  3.1300000e+000
  1.4374000e+002  4.5556366e+003  2.5900000e+000
  1.4379000e+002  4.5573434e+003  2.9300000e+000
  1.4389000e+002  4.5615766e+003  3.0600000e+000
  1.4419000e+002  4.5743783e+003  3.1100000e+000
  1.4424000e+002  4.5765119e+003  3.0600000e+000
  1.4429000e+002  4.5783724e+003  3.3100000e+000
  1.4439000e+002  4.5817862e+003  2.8800000e+000
  1.4449000e+002  4.5848040e+003  3.2600000e+000
  1.4454000e+002  4.5861695e+003  2.1800000e+000
  1.4469000e+002  4.5902875e+003  3.1100000e+000
  1.4474000e+002  4.5916589e+003  2.8100000e+000
  1.4479000e+002  4.5930244e+003  3.2500000e+000
  1.4489000e+002  4.5957554e+003  3.1300000e+000
  1.4494000e+002  4.5971210e+003  2.5600000e+000
  1.4504000e+002  4.5998520e+003  2.9200000e+000
  1.4509000e+002  4.6012175e+003  2.7100000e+000
  1.4539000e+002  4.6094106e+003  3.4600000e+000
  1.4549000e+002  4.6124421e+003  2.9900000e+000
  1.4559000e+002  4.6158559e+003  3.2300000e+000
  1.4589000e+002  4.6260972e+003  2.8500000e+000
  1.4594000e+002  4.6278041e+003  2.4700000e+000
  1.4599000e+002  4.6295110e+003  3.1700000e+000
  1.4604000e+002  4.6312179e+003  2.6000000e+000
  1.4609000e+002  4.6329248e+003  2.8500000e+000
  1.4629000e+002  4.6400255e+003  3.0300000e+000
  1.4634000e+002  4.6421591e+003  2.8200000e+000
  1.4644000e+002  4.6464264e+003  2.8200000e+000
  1.4649000e+002  4.6485600e+003  3.0000000e+000
  1.4654000e+002  4.6506936e+003  3.0100000e+000
  1.4659000e+002  4.6528272e+003  3.2700000e+000
  1.4674000e+002  4.6592281e+003  2.6300000e+000
  1.4679000e+002  4.6613617e+003  3.1300000e+000
  1.4724000e+002  4.6791134e+003  2.5400000e+000
  1.4739000e+002  4.6842341e+003  3.1200000e+000
  1.4769000e+002  4.6938269e+003  3.1700000e+000
  1.4774000e+002  4.6959605e+003  2.7100000e+000
  1.4796000e+002  4.7053484e+003  2.3700000e+000
  1.4816000e+002  4.7138829e+003  2.8300000e+000
  1.4836000e+002  4.7224174e+003  2.5300000e+000
  1.4906000e+002  4.7539893e+003  2.5500000e+000
  1.4916000e+002  4.7585410e+003  2.7600000e+000
  1.4936000e+002  4.7676445e+003  3.0300000e+000
  1.4966000e+002  4.7804758e+003  2.8400000e+000
  1.4986000e+002  4.7859379e+003  2.6800000e+000
  1.5006000e+002  4.7913999e+003  2.8400000e+000
  1.5016000e+002  4.7941310e+003  2.8600000e+000
  1.5026000e+002  4.7968620e+003  2.7800000e+000
  1.5036000e+002  4.7995930e+003  2.7400000e+000
  1.5046000e+002  4.8023400e+003  2.6300000e+000
  1.5056000e+002  4.8050824e+003  2.7200000e+000
  1.5066000e+002  4.8078134e+003  2.8000000e+000
  1.5086000e+002  4.8132755e+003  2.7500000e+000
  1.5096000e+002  4.8160066e+003  2.9700000e+000
  1.5106000e+002  4.8187376e+003  2.9600000e+000
  1.5126000e+002  4.8241997e+003  2.7100000e+000
  1.5146000e+002  4.8296617e+003  2.5900000e+000
  1.5156000e+002  4.8323928e+003  2.5700000e+000
  1.5166000e+002  4.8351238e+003  3.0300000e+000
  1.5176000e+002  4.8384010e+003  2.9300000e+000
  1.5188000e+002  4.8424976e+003  2.9400000e+000
  1.5199000e+002  4.8462528e+003  3.0900000e+000
  1.5204000e+002  4.8479597e+003  2.9800000e+000
  1.5206000e+002  4.8486424e+003  2.9300000e+000
  1.5209000e+002  4.8496666e+003  3.1200000e+000
  1.5214000e+002  4.8513734e+003  3.1700000e+000
  1.5219000e+002  4.8530803e+003  2.6400000e+000
  1.5224000e+002  4.8547872e+003  2.6900000e+000
  1.5239000e+002  4.8590203e+003  2.7200000e+000
  1.5244000e+002  4.8603859e+003  2.8000000e+000
  1.5249000e+002  4.8617514e+003  2.7100000e+000
  1.5254000e+002  4.8631169e+003  2.7400000e+000
  1.5259000e+002  4.8644824e+003  2.6800000e+000
  1.5262000e+002  4.8653017e+003  2.8300000e+000
  1.5269000e+002  4.8672134e+003  2.6000000e+000
  1.5274000e+002  4.8685790e+003  2.5900000e+000
  1.5279000e+002  4.8699445e+003  2.7700000e+000
  1.5284000e+002  4.8713100e+003  2.4400000e+000
  1.5287000e+002  4.8721293e+003  2.4200000e+000
  1.5294000e+002  4.8740410e+003  2.6700000e+000
  1.5299000e+002  4.8754407e+003  2.5800000e+000
  1.5304000e+002  4.8771476e+003  2.8100000e+000
  1.5309000e+002  4.8788545e+003  2.8700000e+000
  1.5314000e+002  4.8808942e+003  2.9400000e+000
  1.5319000e+002  4.8830278e+003  3.0300000e+000
  1.5334000e+002  4.8899834e+003  3.3600000e+000
  1.5339000e+002  4.8923845e+003  3.2700000e+000
  1.5344000e+002  4.8946603e+003  3.2300000e+000
  1.5354000e+002  4.8992121e+003  3.1300000e+000
  1.5359000e+002  4.9014879e+003  2.8300000e+000
  1.5364000e+002  4.9037154e+003  2.8500000e+000
  1.5369000e+002  4.9058491e+003  2.9100000e+000
  1.5374000e+002  4.9079827e+003  2.8000000e+000
  1.5379000e+002  4.9101163e+003  2.7700000e+000
  1.5387000e+002  4.9134021e+003  2.6200000e+000
  1.5389000e+002  4.9140848e+003  2.7200000e+000
  1.5394000e+002  4.9157917e+003  2.6600000e+000
  1.5399000e+002  4.9174986e+003  2.7400000e+000
  1.5402000e+002  4.9185228e+003  2.5800000e+000
  1.5409000e+002  4.9209124e+003  2.7800000e+000
  1.5412000e+002  4.9219366e+003  2.5000000e+000
  1.5419000e+002  4.9243262e+003  2.9000000e+000
  1.5422000e+002  4.9253503e+003  2.7400000e+000
  1.5429000e+002  4.9277400e+003  2.4300000e+000
  1.5434000e+002  4.9294469e+003  2.9400000e+000
  1.5437000e+002  4.9304710e+003  2.6400000e+000
  1.5441000e+002  4.9318366e+003  2.9200000e+000
  1.5449000e+002  4.9345676e+003  3.0400000e+000
  1.5454000e+002  4.9362745e+003  2.9500000e+000
  1.5459000e+002  4.9379814e+003  3.0700000e+000
  1.5461000e+002  4.9386641e+003  2.9600000e+000
  1.5472000e+002  4.9424193e+003  2.6800000e+000
  1.5484000e+002  4.9465159e+003  2.7600000e+000
  1.5489000e+002  4.9482228e+003  2.0900000e+000
  1.5492000e+002  4.9492469e+003  2.8300000e+000
  1.5504000e+002  4.9533434e+003  2.7300000e+000
  1.5519000e+002  4.9576653e+003  2.2100000e+000
  1.5525000e+002  4.9593039e+003  2.7600000e+000
  1.5529000e+002  4.9603963e+003  2.6600000e+000
  1.5537000e+002  4.9625812e+003  2.3900000e+000
  1.5549000e+002  4.9658584e+003  2.5400000e+000
  1.5559000e+002  4.9685894e+003  2.6900000e+000
  1.5569000e+002  4.9713205e+003  2.5000000e+000
  1.5579000e+002  4.9740515e+003  2.4600000e+000
  1.5587000e+002  4.9762363e+003  2.5600000e+000
  1.5599000e+002  4.9795136e+003  2.8600000e+000
  1.5639000e+002  4.9925338e+003  2.5500000e+000
  1.5659000e+002  4.9993614e+003  2.4100000e+000
  1.5679000e+002  5.0077337e+003  2.9800000e+000
  1.5689000e+002  5.0120009e+003  2.7900000e+000
  1.5709000e+002  5.0203903e+003  2.5100000e+000
  1.5719000e+002  5.0238041e+003  2.4600000e+000
  1.5729000e+002  5.0272179e+003  2.1800000e+000
  1.5769000e+002  5.0431689e+003  2.8400000e+000
  1.5779000e+002  5.0474361e+003  2.8100000e+000
  1.5789000e+002  5.0517034e+003  2.9900000e+000
  1.5799000e+002  5.0559706e+003  2.9200000e+000
  1.5802000e+002  5.0572508e+003  2.7500000e+000
  1.5809000e+002  5.0602378e+003  2.6000000e+000
  1.5812000e+002  5.0615180e+003  2.5100000e+000
  1.5819000e+002  5.0645051e+003  3.1400000e+000
  1.5822000e+002  5.0657853e+003  2.5400000e+000
  1.5829000e+002  5.0687723e+003  2.8100000e+000
  1.5869000e+002  5.0829310e+003  2.8200000e+000
  1.5887000e+002  5.0890759e+003  3.0000000e+000
  1.5890000e+002  5.0901000e+003  2.4700000e+000
  1.5909000e+002  5.0965862e+003  2.5800000e+000
  1.5919000e+002  5.1000000e+003  2.7800000e+000
