  2.0000000e-002  6.4516700e+000  3.2400000e+000
  1.1000000e-001  8.3653714e+000  3.2300000e+000
  2.1000000e-001  1.0491706e+001  3.5400000e+000
  4.1000000e-001  1.4669831e+001  4.5300000e+000
  5.1000000e-001  1.6559849e+001  5.1600000e+000
  6.1000000e-001  1.8266343e+001  5.1200000e+000
  7.1000000e-001  1.9967394e+001  5.1300000e+000
  8.1000000e-001  2.1668450e+001  5.0200000e+000
  9.1000000e-001  2.3369509e+001  4.9900000e+000
  1.0100000e+000  2.5070578e+001  5.1100000e+000
  1.1100000e+000  2.6771659e+001  4.9600000e+000
  1.2100000e+000  2.8472729e+001  4.7900000e+000
  1.3100000e+000  3.0173765e+001  4.7600000e+000
  1.4100000e+000  3.1874800e+001  4.7300000e+000
  1.6100000e+000  3.5276871e+001  4.6300000e+000
  1.7100000e+000  3.6977965e+001  4.5700000e+000
  1.8100000e+000  3.8679077e+001  4.4000000e+000
  1.9100000e+000  4.0380148e+001  4.5600000e+000
  2.0100000e+000  4.2081183e+001  4.5400000e+000
  2.1100000e+000  4.3782219e+001  4.5800000e+000
  2.2100000e+000  4.5483254e+001  4.5600000e+000
  2.3100000e+000  4.7184294e+001  4.3200000e+000
  2.3900000e+000  4.8545183e+001  4.6100000e+000
  2.4900000e+000  5.0246294e+001  4.6100000e+000
  2.5900000e+000  5.1947359e+001  4.5800000e+000
  2.6900000e+000  5.3648395e+001  4.4800000e+000
  2.7900000e+000  5.5349431e+001  4.3000000e+000
  2.8600000e+000  5.6540155e+001  4.4300000e+000
  2.9900000e+000  5.8751502e+001  4.4700000e+000
  3.0900000e+000  6.0452537e+001  4.5700000e+000
  3.1900000e+000  6.2153573e+001  4.7700000e+000
  3.2900000e+000  6.3854676e+001  4.6900000e+000
  3.3900000e+000  6.5555787e+001  4.7800000e+000
  3.4900000e+000  6.7378983e+001  4.7400000e+000
  3.5900000e+000  6.9269005e+001  4.4200000e+000
  3.6900000e+000  7.1159126e+001  4.4000000e+000
  3.7900000e+000  7.3275500e+001  4.2700000e+000
  3.8900000e+000  7.5401818e+001  4.1400000e+000
  3.9900000e+000  7.7528136e+001  4.1100000e+000
  4.0900000e+000  7.9654455e+001  4.1000000e+000
  4.1900000e+000  8.1780773e+001  3.8300000e+000
  4.2900000e+000  8.3907091e+001  3.8200000e+000
  4.3900000e+000  8.6033409e+001  4.4300000e+000
  4.4900000e+000  8.8159727e+001  4.0800000e+000
  4.5900000e+000  9.0286045e+001  4.2300000e+000
  4.6900000e+000  9.2412363e+001  3.9300000e+000
  4.8900000e+000  9.6665143e+001  3.8400000e+000
  5.0900000e+000  1.0091808e+002  4.1900000e+000
  5.1900000e+000  1.0304447e+002  4.1000000e+000
  5.2900000e+000  1.0517078e+002  4.0500000e+000
  5.3900000e+000  1.0741423e+002  4.3500000e+000
  5.4900000e+000  1.0968213e+002  4.5100000e+000
  5.5900000e+000  1.1200564e+002  4.2600000e+000
  5.6900000e+000  1.1436830e+002  4.1700000e+000
  5.7900000e+000  1.1673095e+002  3.8100000e+000
  5.8900000e+000  1.1951752e+002  3.1700000e+000
  5.9900000e+000  1.2257756e+002  3.5500000e+000
  6.0500000e+000  1.2452151e+002  3.3100000e+000
  6.1500000e+000  1.2776143e+002  3.5900000e+000
  6.3500000e+000  1.3356061e+002  4.7500000e+000
  6.4500000e+000  1.3592298e+002  5.0900000e+000
  6.8500000e+000  1.4501054e+002  4.9600000e+000
  7.1500000e+000  1.5085683e+002  4.9200000e+000
  7.2500000e+000  1.5255787e+002  4.7400000e+000
  7.3500000e+000  1.5425892e+002  4.8700000e+000
  7.6500000e+000  1.5936218e+002  4.8800000e+000
  7.7500000e+000  1.6106322e+002  4.7800000e+000
  8.0500000e+000  1.6616632e+002  4.6100000e+000
  8.2500000e+000  1.6956842e+002  4.5800000e+000
  8.3500000e+000  1.7126953e+002  4.3800000e+000
  8.4500000e+000  1.7297063e+002  4.3800000e+000
  8.5500000e+000  1.7467167e+002  4.7400000e+000
  8.6500000e+000  1.7637271e+002  4.7200000e+000
  8.7500000e+000  1.7807374e+002  4.6100000e+000
  8.8500000e+000  1.7977478e+002  4.4200000e+000
  8.9500000e+000  1.8147586e+002  4.4400000e+000
  9.1500000e+000  1.8487805e+002  4.7700000e+000
  9.2500000e+000  1.8657909e+002  4.6600000e+000
  9.4500000e+000  1.8998116e+002  4.4100000e+000
  9.5500000e+000  1.9168220e+002  3.9000000e+000
  9.6500000e+000  1.9338330e+002  3.8700000e+000
  9.7500000e+000  1.9508441e+002  3.9800000e+000
  1.0050000e+001  2.0025855e+002  3.4100000e+000
  1.0250000e+001  2.0403980e+002  3.7100000e+000
  1.0350000e+001  2.0609353e+002  3.9400000e+000
  1.0550000e+001  2.1034581e+002  3.6200000e+000
  1.0650000e+001  2.1247143e+002  3.5100000e+000
  1.0750000e+001  2.1459810e+002  3.4100000e+000
  1.0850000e+001  2.1672478e+002  3.5800000e+000
  1.1150000e+001  2.2310480e+002  4.7800000e+000
  1.1250000e+001  2.2523061e+002  4.3900000e+000
  1.1450000e+001  2.2948269e+002  4.0200000e+000
  1.1550000e+001  2.3160937e+002  4.3700000e+000
  1.1650000e+001  2.3373604e+002  3.9500000e+000
  1.1850000e+001  2.3766713e+002  3.3600000e+000
  1.2590000e+001  2.5165435e+002  4.6900000e+000
  1.2690000e+001  2.5354448e+002  4.4600000e+000
  1.2890000e+001  2.5732573e+002  4.6200000e+000
  1.2990000e+001  2.5937019e+002  4.5700000e+000
  1.3190000e+001  2.6362219e+002  4.3900000e+000
  1.3290000e+001  2.6574887e+002  4.7200000e+000
  1.3490000e+001  2.7000189e+002  4.6000000e+000
  1.3990000e+001  2.8063346e+002  4.2100000e+000
  1.4190000e+001  2.8515605e+002  3.9600000e+000
  1.4290000e+001  2.8748643e+002  3.8100000e+000
  1.4390000e+001  2.8984864e+002  4.0300000e+000
  1.4490000e+001  2.9221086e+002  4.6200000e+000
  1.4690000e+001  2.9716822e+002  4.4800000e+000
  1.4990000e+001  3.0510190e+002  4.1000000e+000
  1.5090000e+001  3.0793772e+002  3.9300000e+000
  1.5290000e+001  3.1411389e+002  4.0400000e+000
  1.5390000e+001  3.1735361e+002  3.9000000e+000
  1.5490000e+001  3.2054717e+002  3.6700000e+000
  1.5790000e+001  3.2779401e+002  3.2900000e+000
  1.6090000e+001  3.3389761e+002  3.0900000e+000
  1.6190000e+001  3.3539004e+002  5.1200000e+000
  1.6590000e+001  3.3994235e+002  3.5500000e+000
  1.6690000e+001  3.4120788e+002  4.9700000e+000
  1.6790000e+001  3.4278636e+002  4.5100000e+000
  1.6890000e+001  3.4448770e+002  4.6600000e+000
  1.6990000e+001  3.4625088e+002  4.5300000e+000
  1.7190000e+001  3.5026248e+002  4.6300000e+000
  1.7390000e+001  3.5451487e+002  4.7700000e+000
  1.7790000e+001  3.6302157e+002  4.6200000e+000
  1.7890000e+001  3.6526321e+002  4.5000000e+000
  1.7990000e+001  3.6753094e+002  4.2500000e+000
  1.8090000e+001  3.6985320e+002  4.2800000e+000
  1.8590000e+001  3.8200705e+002  3.9400000e+000
  1.8690000e+001  3.8459428e+002  4.0700000e+000
  1.8990000e+001  3.9421104e+002  4.0500000e+000
  1.9040000e+001  3.9594264e+002  3.8300000e+000
  1.9240000e+001  4.0312825e+002  3.1600000e+000
  1.9340000e+001  4.0694727e+002  3.1300000e+000
  1.9440000e+001  4.1120062e+002  3.1200000e+000
  1.9540000e+001  4.1531779e+002  3.1400000e+000
  1.9840000e+001  4.2592186e+002  4.8000000e+000
  1.9940000e+001  4.2883473e+002  4.9400000e+000
  2.0040000e+001  4.3131604e+002  5.1800000e+000
  2.0340000e+001  4.3867980e+002  5.0300000e+000
  2.0540000e+001  4.4340349e+002  5.1000000e+000
  2.0840000e+001  4.5010511e+002  4.7400000e+000
  2.0940000e+001  4.5223060e+002  4.7900000e+000
  2.1040000e+001  4.5413250e+002  4.5000000e+000
  2.1140000e+001  4.5590831e+002  4.7000000e+000
  2.1240000e+001  4.5760965e+002  4.7500000e+000
  2.1340000e+001  4.5931071e+002  4.7000000e+000
  2.1440000e+001  4.6101129e+002  4.8600000e+000
  2.1540000e+001  4.6271197e+002  4.4000000e+000
  2.1840000e+001  4.6781598e+002  4.6100000e+000
  2.1940000e+001  4.6951732e+002  4.7200000e+000
  2.2140000e+001  4.7291875e+002  4.5500000e+000
  2.2240000e+001  4.7461964e+002  4.5000000e+000
  2.2340000e+001  4.7632098e+002  4.2300000e+000
  2.2440000e+001  4.7802232e+002  4.2600000e+000
  2.2640000e+001  4.8142500e+002  4.0300000e+000
  2.2740000e+001  4.8312564e+002  3.8600000e+000
  2.2840000e+001  4.8482622e+002  3.9300000e+000
  2.2940000e+001  4.8665641e+002  3.5000000e+000
  2.3040000e+001  4.8862682e+002  3.5900000e+000
  2.3140000e+001  4.9075349e+002  3.4400000e+000
  2.3400000e+001  4.9658461e+002  3.7400000e+000
  2.3500000e+001  4.9893860e+002  3.6400000e+000
  2.3870000e+001  5.0790680e+002  3.9600000e+000
  2.3970000e+001  5.1038714e+002  4.1200000e+000
  2.4070000e+001  5.1298590e+002  4.1100000e+000
  2.4170000e+001  5.1582098e+002  3.8200000e+000
  2.4270000e+001  5.1865680e+002  3.9800000e+000
  2.4670000e+001  5.2999625e+002  3.7800000e+000
  2.4770000e+001  5.3283208e+002  3.8500000e+000
  2.4870000e+001  5.3566749e+002  4.6800000e+000
  2.4970000e+001  5.3850272e+002  4.7100000e+000
  2.5070000e+001  5.4133854e+002  4.6100000e+000
  2.5170000e+001  5.4417153e+002  4.6900000e+000
  2.5270000e+001  5.4700687e+002  4.7100000e+000
  2.5370000e+001  5.4984217e+002  4.5600000e+000
  2.5470000e+001  5.5267799e+002  4.5400000e+000
  2.5670000e+001  5.5780003e+002  4.4000000e+000
  2.5770000e+001  5.6028064e+002  4.0500000e+000
  2.5970000e+001  5.6524227e+002  3.8800000e+000
  2.6070000e+001  5.6772329e+002  4.1100000e+000
  2.6170000e+001  5.7020432e+002  3.9800000e+000
  2.6270000e+001  5.7281873e+002  3.5100000e+000
  2.6370000e+001  5.7565171e+002  3.2200000e+000
  2.6470000e+001  5.7848754e+002  3.4400000e+000
  2.6570000e+001  5.8132289e+002  4.3100000e+000
  2.6670000e+001  5.8415818e+002  4.4300000e+000
  2.6870000e+001  5.8982982e+002  4.3300000e+000
  2.6970000e+001  5.9266227e+002  4.0200000e+000
  2.7070000e+001  5.9549763e+002  3.8700000e+000
  2.7270000e+001  6.0098444e+002  4.1500000e+000
  2.7370000e+001  6.0346505e+002  3.7200000e+000
  2.7570000e+001  6.0842628e+002  3.9600000e+000
  2.7670000e+001  6.1090728e+002  3.5200000e+000
  2.7770000e+001  6.1338831e+002  3.5200000e+000
  2.7870000e+001  6.1586933e+002  3.4000000e+000
  2.7970000e+001  6.1835012e+002  3.7400000e+000
  2.8070000e+001  6.2083045e+002  3.9600000e+000
  2.8170000e+001  6.2331079e+002  4.9600000e+000
  2.8270000e+001  6.2579112e+002  5.0900000e+000
  2.8370000e+001  6.2827220e+002  5.2600000e+000
  2.8470000e+001  6.3075350e+002  5.0800000e+000
  2.8570000e+001  6.3323481e+002  5.0400000e+000
  2.8670000e+001  6.3571594e+002  5.1600000e+000
  2.8770000e+001  6.3819628e+002  4.9600000e+000
  2.8870000e+001  6.4067661e+002  4.9900000e+000
  2.8970000e+001  6.4315694e+002  4.9300000e+000
  2.9070000e+001  6.4563728e+002  4.7400000e+000
  2.9170000e+001  6.4811761e+002  4.7000000e+000
  2.9260000e+001  6.5034992e+002  4.7600000e+000
  2.9370000e+001  6.5307829e+002  4.7200000e+000
  2.9470000e+001  6.5555960e+002  4.6900000e+000
  2.9570000e+001  6.5804091e+002  4.8100000e+000
  2.9670000e+001  6.6052221e+002  4.6700000e+000
  2.9870000e+001  6.6548344e+002  4.7000000e+000
  2.9970000e+001  6.6796377e+002  4.5600000e+000
  3.0070000e+001  6.7044411e+002  4.5500000e+000
  3.0270000e+001  6.7605885e+002  4.4600000e+000
  3.0370000e+001  6.7889456e+002  4.2200000e+000
  3.0470000e+001  6.8173038e+002  4.0800000e+000
  3.0670000e+001  6.8739823e+002  4.1600000e+000
  3.0770000e+001  6.9023401e+002  3.6700000e+000
  3.0870000e+001  6.9306983e+002  3.4800000e+000
  3.1670000e+001  7.1355876e+002  4.4000000e+000
  3.1770000e+001  7.1589656e+002  4.6300000e+000
  3.1870000e+001  7.1816386e+002  4.7300000e+000
  3.1970000e+001  7.2043117e+002  4.6200000e+000
  3.2070000e+001  7.2269947e+002  4.5200000e+000
  3.2170000e+001  7.2496778e+002  4.4300000e+000
  3.2270000e+001  7.2723564e+002  4.2200000e+000
  3.2370000e+001  7.2950338e+002  4.1300000e+000
  3.2470000e+001  7.3177142e+002  4.1300000e+000
  3.2570000e+001  7.3403972e+002  4.1800000e+000
  3.2670000e+001  7.3630803e+002  4.2000000e+000
  3.2870000e+001  7.4084460e+002  4.2000000e+000
  3.2970000e+001  7.4311234e+002  4.1000000e+000
  3.3070000e+001  7.4538007e+002  4.7300000e+000
  3.3170000e+001  7.4772580e+002  4.6800000e+000
  3.3470000e+001  7.5481339e+002  4.5200000e+000
  3.3870000e+001  7.6455263e+002  4.1000000e+000
  3.4070000e+001  7.6951433e+002  4.1300000e+000
  3.4170000e+001  7.7199494e+002  3.8100000e+000
  3.4370000e+001  7.7705358e+002  3.8000000e+000
  3.4470000e+001  7.7988924e+002  3.3700000e+000
  3.4560000e+001  7.8244074e+002  3.4500000e+000
  3.4660000e+001  7.8527656e+002  3.5000000e+000
  3.4860000e+001  7.9094492e+002  4.4500000e+000
  3.5060000e+001  7.9661601e+002  4.8100000e+000
  3.5160000e+001  7.9945183e+002  4.7300000e+000
  3.5260000e+001  8.0228713e+002  4.6900000e+000
  3.5360000e+001  8.0512247e+002  4.6100000e+000
  3.5460000e+001  8.0795546e+002  4.6000000e+000
  3.5560000e+001  8.1079128e+002  4.3600000e+000
  3.5960000e+001  8.2213357e+002  3.7400000e+000
  3.6160000e+001  8.2826638e+002  4.1000000e+000
  3.6260000e+001  8.3150714e+002  4.0600000e+000
  3.6360000e+001  8.3474788e+002  3.8100000e+000
  3.6560000e+001  8.4122732e+002  4.1000000e+000
  3.6760000e+001  8.4784934e+002  3.4800000e+000
  3.7160000e+001  8.6145946e+002  3.5100000e+000
  3.7260000e+001  8.6486062e+002  3.2200000e+000
  3.7360000e+001  8.6826201e+002  4.8700000e+000
  3.7460000e+001  8.7166469e+002  4.8000000e+000
  3.7560000e+001  8.7506737e+002  4.8300000e+000
  3.7660000e+001  8.7832081e+002  4.4600000e+000
  3.7760000e+001  8.8156021e+002  3.5900000e+000
  3.7960000e+001  8.8772566e+002  4.6900000e+000
  3.8060000e+001  8.9056144e+002  4.5700000e+000
  3.8160000e+001  8.9339650e+002  4.6700000e+000
  3.8260000e+001  8.9623212e+002  4.3600000e+000
  3.8360000e+001  8.9906794e+002  4.2400000e+000
  3.8460000e+001  9.0190112e+002  4.2700000e+000
  3.8560000e+001  9.0473587e+002  4.1800000e+000
  3.8660000e+001  9.0757157e+002  3.9800000e+000
  3.8760000e+001  9.1040739e+002  3.8800000e+000
  3.8860000e+001  9.1324304e+002  3.9200000e+000
  3.9260000e+001  9.2458241e+002  4.1000000e+000
  3.9360000e+001  9.2741749e+002  4.1100000e+000
  3.9560000e+001  9.3308913e+002  4.2300000e+000
  3.9660000e+001  9.3592271e+002  3.7700000e+000
  3.9760000e+001  9.3875694e+002  3.9100000e+000
  3.9860000e+001  9.4159276e+002  3.5800000e+000
  3.9960000e+001  9.4442858e+002  3.7500000e+000
  4.0060000e+001  9.4726400e+002  3.5000000e+000
  4.0160000e+001  9.5009922e+002  3.2400000e+000
  4.0260000e+001  9.5293221e+002  3.1600000e+000
  4.0360000e+001  9.5576803e+002  3.0400000e+000
  4.0460000e+001  9.5869906e+002  3.6500000e+000
  4.0560000e+001  9.6193981e+002  4.5100000e+000
  4.0660000e+001  9.6518056e+002  4.0500000e+000
  4.0760000e+001  9.6838032e+002  4.2800000e+000
  4.0860000e+001  9.7121484e+002  3.5600000e+000
  4.0960000e+001  9.7404881e+002  3.5800000e+000
  4.1060000e+001  9.7688395e+002  3.8000000e+000
  4.1160000e+001  9.7971977e+002  3.7500000e+000
  4.1260000e+001  9.8255559e+002  4.0000000e+000
  4.1460000e+001  9.8822383e+002  4.1100000e+000
  4.1560000e+001  9.9105922e+002  4.0900000e+000
  4.1660000e+001  9.9389504e+002  4.0000000e+000
  4.1760000e+001  9.9673040e+002  3.7500000e+000
  4.1860000e+001  9.9956568e+002  3.7100000e+000
  4.2060000e+001  1.0052327e+003  3.7800000e+000
  4.2160000e+001  1.0080653e+003  4.1400000e+000
  4.2360000e+001  1.0137450e+003  3.9600000e+000
  4.2460000e+001  1.0165798e+003  3.5300000e+000
  4.2660000e+001  1.0225443e+003  3.5500000e+000
  4.2860000e+001  1.0290218e+003  3.8500000e+000
  4.3060000e+001  1.0355010e+003  4.3300000e+000
  4.3160000e+001  1.0387408e+003  4.3300000e+000
  4.3260000e+001  1.0419816e+003  4.1600000e+000
  4.3360000e+001  1.0452235e+003  4.1800000e+000
  4.3460000e+001  1.0484655e+003  4.1900000e+000
  4.3560000e+001  1.0515771e+003  4.1800000e+000
  4.3660000e+001  1.0544120e+003  4.0800000e+000
  4.3960000e+001  1.0629136e+003  4.0100000e+000
  4.4060000e+001  1.0657484e+003  3.4100000e+000
  4.4160000e+001  1.0685832e+003  2.9400000e+000
  4.4170000e+001  1.0688667e+003  3.2800000e+000
  4.4270000e+001  1.0717015e+003  3.0500000e+000
  4.4370000e+001  1.0745364e+003  3.3500000e+000
  4.4570000e+001  1.0802497e+003  3.4800000e+000
  4.4670000e+001  1.0834927e+003  3.7900000e+000
  4.4770000e+001  1.0867357e+003  3.8500000e+000
  4.4870000e+001  1.0899787e+003  3.7500000e+000
  4.4970000e+001  1.0932175e+003  3.8400000e+000
  4.5070000e+001  1.0964563e+003  4.2700000e+000
  4.5170000e+001  1.0996950e+003  3.9300000e+000
  4.5270000e+001  1.1029347e+003  3.9500000e+000
  4.5370000e+001  1.1061745e+003  3.8000000e+000
  4.5470000e+001  1.1094143e+003  3.4700000e+000
  4.5570000e+001  1.1127672e+003  3.6800000e+000
  4.5670000e+001  1.1161675e+003  3.9000000e+000
  4.5770000e+001  1.1196342e+003  3.8900000e+000
  4.5870000e+001  1.1231777e+003  4.5100000e+000
  4.5970000e+001  1.1267250e+003  4.4800000e+000
  4.6070000e+001  1.1302741e+003  3.9000000e+000
  4.6270000e+001  1.1373617e+003  4.0100000e+000
  4.6370000e+001  1.1409032e+003  4.1200000e+000
  4.6470000e+001  1.1444453e+003  4.0300000e+000
  4.6570000e+001  1.1479889e+003  4.0200000e+000
  4.6670000e+001  1.1514611e+003  3.6800000e+000
  4.6770000e+001  1.1548629e+003  3.5700000e+000
  4.6870000e+001  1.1582226e+003  3.3200000e+000
  4.6970000e+001  1.1614646e+003  3.2800000e+000
  4.7070000e+001  1.1647065e+003  3.4400000e+000
  4.7170000e+001  1.1678972e+003  3.2500000e+000
  4.7270000e+001  1.1707320e+003  3.3500000e+000
  4.7470000e+001  1.1764017e+003  4.3700000e+000
  4.7570000e+001  1.1792336e+003  3.3200000e+000
  4.7670000e+001  1.1820685e+003  3.4700000e+000
  4.7770000e+001  1.1849033e+003  3.4600000e+000
  4.7870000e+001  1.1877381e+003  3.4700000e+000
  4.7970000e+001  1.1905729e+003  4.1900000e+000
  4.8070000e+001  1.1934077e+003  4.0700000e+000
  4.8170000e+001  1.1962397e+003  4.2600000e+000
  4.8270000e+001  1.1990746e+003  4.5000000e+000
  4.8370000e+001  1.2019194e+003  4.4000000e+000
  4.8470000e+001  1.2047542e+003  4.3700000e+000
  4.8570000e+001  1.2075890e+003  4.2000000e+000
  4.8670000e+001  1.2104238e+003  4.1700000e+000
  4.8770000e+001  1.2132558e+003  4.2800000e+000
  4.8870000e+001  1.2160906e+003  3.6900000e+000
  4.8970000e+001  1.2189255e+003  3.8600000e+000
  4.9170000e+001  1.2245951e+003  3.9100000e+000
  4.9270000e+001  1.2274299e+003  3.5900000e+000
  4.9370000e+001  1.2302619e+003  3.6900000e+000
  4.9470000e+001  1.2330967e+003  3.4700000e+000
  4.9570000e+001  1.2359316e+003  3.0500000e+000
  4.9670000e+001  1.2387671e+003  3.2200000e+000
  4.9710000e+001  1.2399100e+003  3.4100000e+000
  4.9770000e+001  1.2414031e+003  3.0600000e+000
  4.9810000e+001  1.2423951e+003  3.9600000e+000
  4.9910000e+001  1.2448748e+003  4.2200000e+000
  5.0010000e+001  1.2473546e+003  4.4600000e+000
  5.0110000e+001  1.2497873e+003  4.4200000e+000
  5.0210000e+001  1.2521497e+003  4.2600000e+000
  5.0310000e+001  1.2545120e+003  4.4400000e+000
  5.0410000e+001  1.2568063e+003  4.2700000e+000
  5.0510000e+001  1.2590731e+003  4.1300000e+000
  5.0610000e+001  1.2613404e+003  3.7900000e+000
  5.0710000e+001  1.2636083e+003  4.0200000e+000
  5.0810000e+001  1.2658761e+003  3.7200000e+000
  5.0910000e+001  1.2681440e+003  3.9600000e+000
  5.1010000e+001  1.2704119e+003  3.4000000e+000
  5.1110000e+001  1.2726787e+003  3.3500000e+000
  5.1210000e+001  1.2749456e+003  4.0300000e+000
  5.1310000e+001  1.2772165e+003  3.1600000e+000
  5.1410000e+001  1.2794888e+003  3.3300000e+000
  5.1510000e+001  1.2817589e+003  3.1100000e+000
  5.1710000e+001  1.2862943e+003  4.3200000e+000
  5.1810000e+001  1.2885612e+003  4.2700000e+000
  5.1910000e+001  1.2908280e+003  4.5200000e+000
  5.2010000e+001  1.2930959e+003  4.1700000e+000
  5.2110000e+001  1.2953638e+003  3.9600000e+000
  5.2210000e+001  1.2976308e+003  4.1700000e+000
  5.2310000e+001  1.2998977e+003  3.8100000e+000
  5.2410000e+001  1.3021651e+003  3.6100000e+000
  5.2510000e+001  1.3044329e+003  3.5900000e+000
  5.2610000e+001  1.3066570e+003  3.4300000e+000
  5.2710000e+001  1.3087831e+003  3.4000000e+000
  5.2810000e+001  1.3107871e+003  3.6900000e+000
  5.2910000e+001  1.3126449e+003  3.7800000e+000
  5.3010000e+001  1.3143495e+003  3.9400000e+000
  5.3110000e+001  1.3160541e+003  3.5700000e+000
  5.3310000e+001  1.3194561e+003  3.8900000e+000
  5.3410000e+001  1.3211565e+003  3.7500000e+000
  5.3610000e+001  1.3245571e+003  3.5300000e+000
  5.3710000e+001  1.3262580e+003  3.5600000e+000
  5.3810000e+001  1.3279589e+003  3.5200000e+000
  5.3910000e+001  1.3296598e+003  3.5300000e+000
  5.4010000e+001  1.3313607e+003  3.9600000e+000
  5.4110000e+001  1.3330608e+003  3.9000000e+000
  5.4210000e+001  1.3347610e+003  4.7100000e+000
  5.4310000e+001  1.3364617e+003  3.9200000e+000
  5.4410000e+001  1.3381625e+003  4.0500000e+000
  5.4510000e+001  1.3398634e+003  4.2300000e+000
  5.4610000e+001  1.3415643e+003  4.3200000e+000
  5.4710000e+001  1.3432650e+003  3.8300000e+000
  5.4810000e+001  1.3449652e+003  3.7200000e+000
  5.4910000e+001  1.3466670e+003  4.0000000e+000
  5.5010000e+001  1.3485569e+003  3.7800000e+000
  5.5110000e+001  1.3506039e+003  3.7100000e+000
  5.5210000e+001  1.3527300e+003  2.8600000e+000
  5.5310000e+001  1.3549829e+003  2.8400000e+000
  5.5410000e+001  1.3572542e+003  3.6000000e+000
  5.5710000e+001  1.3646186e+003  3.6200000e+000
  5.5910000e+001  1.3700123e+003  3.6200000e+000
  5.6010000e+001  1.3732511e+003  4.1600000e+000
  5.6110000e+001  1.3764898e+003  4.0400000e+000
  5.6210000e+001  1.3797286e+003  3.9400000e+000
  5.6310000e+001  1.3829684e+003  3.9500000e+000
  5.6410000e+001  1.3862082e+003  3.6900000e+000
  5.6610000e+001  1.3926897e+003  3.4000000e+000
  5.6710000e+001  1.3959316e+003  3.3900000e+000
  5.6750000e+001  1.3972284e+003  3.3500000e+000
  5.6850000e+001  1.4004701e+003  3.2400000e+000
  5.6950000e+001  1.4037098e+003  3.6600000e+000
  5.7050000e+001  1.4069496e+003  3.9000000e+000
  5.7150000e+001  1.4101894e+003  3.9800000e+000
  5.7250000e+001  1.4134282e+003  4.0100000e+000
  5.7350000e+001  1.4166670e+003  3.9600000e+000
  5.7550000e+001  1.4231482e+003  3.7200000e+000
  5.7650000e+001  1.4263911e+003  3.5200000e+000
  5.7750000e+001  1.4296341e+003  3.3900000e+000
  5.7850000e+001  1.4328740e+003  3.2100000e+000
  5.7950000e+001  1.4361128e+003  3.1500000e+000
  5.8050000e+001  1.4393515e+003  3.0200000e+000
  5.8150000e+001  1.4422970e+003  2.8900000e+000
  5.8250000e+001  1.4447768e+003  2.9500000e+000
  5.8350000e+001  1.4472566e+003  2.9200000e+000
  5.8450000e+001  1.4497363e+003  3.0700000e+000
  5.8550000e+001  1.4521500e+003  3.9400000e+000
  5.8850000e+001  1.4591544e+003  4.0300000e+000
  5.8950000e+001  1.4614222e+003  3.9400000e+000
  5.9050000e+001  1.4635993e+003  3.7500000e+000
  5.9150000e+001  1.4657243e+003  3.4300000e+000
  5.9250000e+001  1.4676575e+003  3.5200000e+000
  5.9350000e+001  1.4694570e+003  3.4100000e+000
  5.9550000e+001  1.4727853e+003  3.1200000e+000
  5.9650000e+001  1.4740993e+003  3.0100000e+000
  5.9750000e+001  1.4752333e+003  2.6600000e+000
  6.0750000e+001  1.4866165e+003  3.3300000e+000
  6.0850000e+001  1.4881073e+003  3.1600000e+000
  6.0950000e+001  1.4898082e+003  3.5200000e+000
  6.1050000e+001  1.4915135e+003  3.2700000e+000
  6.1350000e+001  1.4975797e+003  4.3900000e+000
  6.1750000e+001  1.5067946e+003  3.8200000e+000
  6.1850000e+001  1.5091606e+003  3.4500000e+000
  6.1950000e+001  1.5115223e+003  3.5800000e+000
  6.2350000e+001  1.5212382e+003  3.4800000e+000
  6.2450000e+001  1.5237187e+003  3.2500000e+000
  6.2550000e+001  1.5265376e+003  3.5200000e+000
  6.2650000e+001  1.5297764e+003  3.8900000e+000
  6.2750000e+001  1.5330151e+003  4.2300000e+000
  6.2850000e+001  1.5362543e+003  3.9600000e+000
  6.3250000e+001  1.5488299e+003  3.5700000e+000
  6.3650000e+001  1.5601692e+003  3.5400000e+000
  6.3750000e+001  1.5630040e+003  3.6000000e+000
  6.3850000e+001  1.5658373e+003  3.2500000e+000
  6.3950000e+001  1.5686708e+003  3.2000000e+000
  6.4050000e+001  1.5715065e+003  3.4700000e+000
  6.4150000e+001  1.5747463e+003  3.8100000e+000
  6.4250000e+001  1.5779861e+003  3.6100000e+000
  6.4350000e+001  1.5812259e+003  3.3300000e+000
  6.4450000e+001  1.5844675e+003  3.5900000e+000
  6.4740000e+001  1.5936131e+003  3.3800000e+000
  6.4840000e+001  1.5964479e+003  3.0600000e+000
  6.4850000e+001  1.5967314e+003  3.2100000e+000
  6.4940000e+001  1.5991446e+003  3.0500000e+000
  6.4950000e+001  1.5993926e+003  3.1500000e+000
  6.5040000e+001  1.6016244e+003  3.1700000e+000
  6.5240000e+001  1.6065840e+003  3.8600000e+000
  6.5340000e+001  1.6090643e+003  3.0100000e+000
  6.5640000e+001  1.6165062e+003  3.8000000e+000
  6.5840000e+001  1.6214713e+003  3.7800000e+000
  6.6040000e+001  1.6264347e+003  3.5900000e+000
  6.6140000e+001  1.6289144e+003  3.4700000e+000
  6.6740000e+001  1.6439683e+003  3.3100000e+000
  6.6840000e+001  1.6472071e+003  3.8400000e+000
  6.7040000e+001  1.6536846e+003  3.7400000e+000
  6.7240000e+001  1.6601701e+003  3.9500000e+000
  6.7440000e+001  1.6666529e+003  3.5100000e+000
  6.7540000e+001  1.6698916e+003  3.6100000e+000
  6.7640000e+001  1.6731304e+003  3.3100000e+000
  6.7940000e+001  1.6817932e+003  3.3700000e+000
  6.8240000e+001  1.6902948e+003  3.4700000e+000
  6.8340000e+001  1.6931297e+003  3.3900000e+000
  6.8840000e+001  1.7073109e+003  4.4000000e+000
  6.9140000e+001  1.7158154e+003  3.6100000e+000
  7.0440000e+001  1.7514634e+003  4.2100000e+000
  7.0540000e+001  1.7539433e+003  4.1300000e+000
  7.0640000e+001  1.7564230e+003  3.7100000e+000
  7.0740000e+001  1.7589028e+003  3.3900000e+000
  7.0940000e+001  1.7638624e+003  3.6000000e+000
  7.1140000e+001  1.7688219e+003  3.6200000e+000
  7.1240000e+001  1.7713040e+003  3.3000000e+000
  7.1340000e+001  1.7737872e+003  3.6300000e+000
  7.1440000e+001  1.7762705e+003  3.5700000e+000
  7.1540000e+001  1.7787535e+003  3.4900000e+000
  7.1640000e+001  1.7812333e+003  4.5200000e+000
  7.1740000e+001  1.7837131e+003  3.5300000e+000
  7.1840000e+001  1.7861928e+003  3.3300000e+000
  7.1940000e+001  1.7888628e+003  4.1200000e+000
  7.2040000e+001  1.7921026e+003  4.2700000e+000
  7.2140000e+001  1.7953424e+003  3.8700000e+000
  7.2240000e+001  1.7985822e+003  3.9000000e+000
  7.2340000e+001  1.8018211e+003  3.7900000e+000
  7.2440000e+001  1.8050598e+003  3.7800000e+000
  7.2540000e+001  1.8082986e+003  3.7100000e+000
  7.2640000e+001  1.8115406e+003  3.5500000e+000
  7.2740000e+001  1.8147836e+003  3.6900000e+000
  7.2840000e+001  1.8180266e+003  3.9400000e+000
  7.2940000e+001  1.8212669e+003  3.5600000e+000
  7.3040000e+001  1.8245057e+003  3.6400000e+000
  7.3140000e+001  1.8277444e+003  3.5400000e+000
  7.3240000e+001  1.8309837e+003  3.4200000e+000
  7.3340000e+001  1.8342235e+003  3.4200000e+000
  7.3440000e+001  1.8374633e+003  3.4800000e+000
  7.3940000e+001  1.8516293e+003  3.2300000e+000
  7.4040000e+001  1.8541091e+003  3.3900000e+000
  7.4140000e+001  1.8565889e+003  3.7300000e+000
  7.4540000e+001  1.8665102e+003  4.4200000e+000
  7.4640000e+001  1.8689903e+003  3.8400000e+000
  7.4740000e+001  1.8714700e+003  3.7900000e+000
  7.4940000e+001  1.8764296e+003  3.9600000e+000
  7.5040000e+001  1.8789101e+003  3.2500000e+000
  7.5140000e+001  1.8813905e+003  3.7600000e+000
  7.5240000e+001  1.8838710e+003  3.7100000e+000
  7.5340000e+001  1.8863524e+003  3.5400000e+000
  7.5440000e+001  1.8888350e+003  3.5200000e+000
  7.5540000e+001  1.8913175e+003  3.3800000e+000
  7.5640000e+001  1.8938001e+003  3.7100000e+000
  7.5740000e+001  1.8962803e+003  3.4300000e+000
  7.5840000e+001  1.8987601e+003  3.9200000e+000
  7.5940000e+001  1.9012398e+003  3.7100000e+000
  7.6040000e+001  1.9038141e+003  4.4700000e+000
  7.6140000e+001  1.9066489e+003  4.0300000e+000
  7.6240000e+001  1.9096757e+003  3.9900000e+000
  7.6340000e+001  1.9129155e+003  3.6900000e+000
  7.6440000e+001  1.9161553e+003  3.7000000e+000
  7.6540000e+001  1.9194508e+003  3.4900000e+000
  7.6640000e+001  1.9228555e+003  3.5800000e+000
  7.6740000e+001  1.9262600e+003  3.3600000e+000
  7.6840000e+001  1.9296618e+003  3.2300000e+000
  7.6940000e+001  1.9330635e+003  2.9700000e+000
  7.7140000e+001  1.9398643e+003  3.3700000e+000
  7.7340000e+001  1.9468963e+003  4.4600000e+000
  7.7440000e+001  1.9504399e+003  4.0300000e+000
  7.7540000e+001  1.9539834e+003  4.0400000e+000
  7.7640000e+001  1.9575269e+003  3.9500000e+000
  7.7740000e+001  1.9610713e+003  3.8000000e+000
  7.7840000e+001  1.9646184e+003  3.6700000e+000
  7.7940000e+001  1.9681640e+003  3.6500000e+000
  7.8040000e+001  1.9717075e+003  3.2900000e+000
  7.8240000e+001  1.9787945e+003  3.0900000e+000
  7.8340000e+001  1.9823364e+003  3.1100000e+000
  7.8440000e+001  1.9858946e+003  2.8800000e+000
  7.8640000e+001  1.9937971e+003  3.5900000e+000
  7.8740000e+001  1.9984415e+003  3.5700000e+000
  7.8840000e+001  2.0031698e+003  3.6500000e+000
  7.8940000e+001  2.0079004e+003  3.7000000e+000
  7.9040000e+001  2.0126216e+003  3.4200000e+000
  7.9240000e+001  2.0220703e+003  3.3400000e+000
  7.9340000e+001  2.0267950e+003  3.3100000e+000
  7.9440000e+001  2.0315197e+003  3.2000000e+000
  7.9540000e+001  2.0362417e+003  3.0300000e+000
  7.9640000e+001  2.0409675e+003  3.6600000e+000
  7.9740000e+001  2.0456991e+003  4.1100000e+000
  7.9840000e+001  2.0504238e+003  3.8800000e+000
  7.9940000e+001  2.0551485e+003  4.0400000e+000
  8.0040000e+001  2.0598732e+003  4.1500000e+000
  8.0140000e+001  2.0645769e+003  4.2100000e+000
  8.0240000e+001  2.0687556e+003  3.7500000e+000
  8.0340000e+001  2.0725354e+003  4.2000000e+000
  8.0440000e+001  2.0761299e+003  4.0000000e+000
  8.0540000e+001  2.0796774e+003  3.7600000e+000
  8.0640000e+001  2.0830792e+003  3.8800000e+000
  8.0840000e+001  2.0897571e+003  3.6600000e+000
  8.0940000e+001  2.0929958e+003  3.4400000e+000
  8.1040000e+001  2.0962346e+003  3.3600000e+000
  8.1140000e+001  2.0991512e+003  3.2100000e+000
  8.1340000e+001  2.1041108e+003  3.5400000e+000
  8.1440000e+001  2.1065906e+003  3.3900000e+000
  8.1540000e+001  2.1090724e+003  3.4200000e+000
  8.1640000e+001  2.1115557e+003  3.3800000e+000
  8.1740000e+001  2.1140390e+003  3.3300000e+000
  8.1840000e+001  2.1165222e+003  3.4100000e+000
  8.1940000e+001  2.1190019e+003  3.0200000e+000
  8.2140000e+001  2.1239615e+003  3.8000000e+000
  8.2240000e+001  2.1264416e+003  3.6500000e+000
  8.2340000e+001  2.1289220e+003  3.5600000e+000
  8.2440000e+001  2.1314025e+003  3.1200000e+000
  8.2540000e+001  2.1338830e+003  3.1800000e+000
  8.2640000e+001  2.1362625e+003  2.8600000e+000
  8.2740000e+001  2.1386240e+003  2.7500000e+000
  8.2840000e+001  2.1409856e+003  3.1200000e+000
  8.2940000e+001  2.1433480e+003  3.5100000e+000
  8.3040000e+001  2.1457103e+003  3.5300000e+000
  8.3140000e+001  2.1480723e+003  4.0600000e+000
  8.3240000e+001  2.1504337e+003  4.3100000e+000
  8.3340000e+001  2.1527952e+003  4.0400000e+000
  8.3440000e+001  2.1551603e+003  3.9100000e+000
  8.3540000e+001  2.1575263e+003  4.0900000e+000
  8.3640000e+001  2.1598920e+003  4.0300000e+000
  8.3740000e+001  2.1622535e+003  3.7900000e+000
  8.3840000e+001  2.1646149e+003  3.9300000e+000
  8.3940000e+001  2.1669768e+003  3.8300000e+000
  8.4040000e+001  2.1693391e+003  3.7700000e+000
  8.4140000e+001  2.1717015e+003  3.6500000e+000
  8.4240000e+001  2.1740632e+003  3.5500000e+000
  8.4340000e+001  2.1764246e+003  3.2500000e+000
  8.4440000e+001  2.1787895e+003  3.4800000e+000
  8.4540000e+001  2.1812699e+003  3.3000000e+000
  8.4640000e+001  2.1837504e+003  3.3300000e+000
  8.4740000e+001  2.1862309e+003  2.9600000e+000
  8.4840000e+001  2.1888687e+003  3.4200000e+000
  8.4940000e+001  2.1921090e+003  3.4200000e+000
  8.5040000e+001  2.1953509e+003  3.7500000e+000
  8.5140000e+001  2.1985929e+003  3.4500000e+000
  8.5240000e+001  2.2019721e+003  3.8400000e+000
  8.5340000e+001  2.2053739e+003  3.8500000e+000
  8.5440000e+001  2.2088634e+003  3.9400000e+000
  8.5540000e+001  2.2124070e+003  3.4900000e+000
  8.5640000e+001  2.2161435e+003  3.7700000e+000
  8.5740000e+001  2.2201496e+003  3.7100000e+000
  8.5940000e+001  2.2286540e+003  3.4200000e+000
  8.6040000e+001  2.2329151e+003  3.4100000e+000
  8.6140000e+001  2.2371685e+003  3.7000000e+000
  8.6240000e+001  2.2414165e+003  3.6500000e+000
  8.6340000e+001  2.2455700e+003  3.4900000e+000
  8.6440000e+001  2.2493497e+003  3.5700000e+000
  8.6540000e+001  2.2531295e+003  3.2400000e+000
  8.6640000e+001  2.2569093e+003  3.3100000e+000
  8.6740000e+001  2.2606885e+003  3.0100000e+000
  8.6840000e+001  2.2644655e+003  3.2300000e+000
  8.6900000e+001  2.2667361e+003  3.3600000e+000
  8.7000000e+001  2.2705226e+003  3.3600000e+000
  8.7100000e+001  2.2743024e+003  3.5900000e+000
  8.7210000e+001  2.2782607e+003  3.7700000e+000
  8.7300000e+001  2.2814499e+003  4.0900000e+000
  8.7400000e+001  2.2848571e+003  3.6400000e+000
  8.7500000e+001  2.2882573e+003  3.5200000e+000
  8.7600000e+001  2.2915435e+003  3.4900000e+000
  8.7700000e+001  2.2947833e+003  2.9600000e+000
  8.7800000e+001  2.2980231e+003  2.8600000e+000
  8.8000000e+001  2.3038648e+003  3.4300000e+000
  8.8070000e+001  2.3056791e+003  3.0100000e+000
  8.8300000e+001  2.3113890e+003  3.5300000e+000
  8.8400000e+001  2.3138710e+003  3.4600000e+000
  8.8600000e+001  2.3188305e+003  3.9400000e+000
  8.8710000e+001  2.3215583e+003  3.8400000e+000
  8.8900000e+001  2.3262710e+003  4.0300000e+000
  8.9000000e+001  2.3287515e+003  3.6700000e+000
  8.9100000e+001  2.3312285e+003  3.3400000e+000
  8.9300000e+001  2.3359514e+003  2.9400000e+000
  8.9420000e+001  2.3387857e+003  3.1100000e+000
  8.9500000e+001  2.3406756e+003  3.1600000e+000
  9.0000000e+001  2.3524949e+003  3.3200000e+000
  9.0600000e+001  2.3665175e+003  3.6000000e+000
  9.0700000e+001  2.3687356e+003  3.7000000e+000
  9.0790000e+001  2.3706491e+003  3.6400000e+000
  9.0800000e+001  2.3708618e+003  3.6900000e+000
  9.0890000e+001  2.3726680e+003  3.5800000e+000
  9.0920000e+001  2.3732350e+003  3.3400000e+000
  9.0990000e+001  2.3745370e+003  3.3300000e+000
  9.1090000e+001  2.3762371e+003  3.2300000e+000
  9.1190000e+001  2.3779373e+003  3.0600000e+000
  9.1290000e+001  2.3796381e+003  2.9500000e+000
  9.1890000e+001  2.3898517e+003  2.9800000e+000
  9.2190000e+001  2.3949537e+003  3.1000000e+000
  9.2290000e+001  2.3966539e+003  2.6300000e+000
  9.2390000e+001  2.3984806e+003  3.2900000e+000
  9.2490000e+001  2.4004467e+003  3.3200000e+000
  9.2690000e+001  2.4047742e+003  3.2200000e+000
  9.2890000e+001  2.4093372e+003  2.9600000e+000
  9.3090000e+001  2.4140601e+003  3.2800000e+000
  9.3190000e+001  2.4164945e+003  3.1900000e+000
  9.3290000e+001  2.4189771e+003  2.6500000e+000
  9.3390000e+001  2.4214596e+003  3.4900000e+000
  9.3490000e+001  2.4239482e+003  2.8800000e+000
  9.3590000e+001  2.4270134e+003  4.0200000e+000
  9.3690000e+001  2.4302532e+003  4.0300000e+000
  9.3780000e+001  2.4331691e+003  4.2900000e+000
  9.3880000e+001  2.4364085e+003  4.0600000e+000
  9.4180000e+001  2.4461250e+003  3.6500000e+000
  9.4280000e+001  2.4493648e+003  3.6500000e+000
  9.4380000e+001  2.4526046e+003  3.7500000e+000
  9.4480000e+001  2.4558445e+003  3.3800000e+000
  9.4580000e+001  2.4590865e+003  3.0200000e+000
  9.4680000e+001  2.4623284e+003  3.2700000e+000
  9.4780000e+001  2.4655704e+003  3.3600000e+000
  9.4880000e+001  2.4688103e+003  3.2100000e+000
  9.4980000e+001  2.4720501e+003  3.3700000e+000
  9.5080000e+001  2.4752899e+003  3.4700000e+000
  9.5180000e+001  2.4782110e+003  3.5200000e+000
  9.5280000e+001  2.4810458e+003  3.9000000e+000
  9.5380000e+001  2.4838778e+003  4.0900000e+000
  9.5480000e+001  2.4867126e+003  4.4100000e+000
  9.5580000e+001  2.4895475e+003  4.1600000e+000
  9.5680000e+001  2.4923823e+003  3.7800000e+000
  9.5780000e+001  2.4952171e+003  3.5500000e+000
  9.5980000e+001  2.5008939e+003  3.2400000e+000
  9.6080000e+001  2.5037287e+003  3.3400000e+000
  9.6280000e+001  2.5093984e+003  3.5500000e+000
  9.6480000e+001  2.5150680e+003  4.2900000e+000
  9.6580000e+001  2.5180814e+003  4.2600000e+000
  9.6680000e+001  2.5213212e+003  4.3300000e+000
  9.6780000e+001  2.5245610e+003  4.3200000e+000
  9.6790000e+001  2.5248850e+003  4.0600000e+000
  9.6890000e+001  2.5281915e+003  4.0600000e+000
  9.6990000e+001  2.5315933e+003  4.1900000e+000
  9.7090000e+001  2.5350201e+003  3.7900000e+000
  9.7190000e+001  2.5385672e+003  3.8900000e+000
  9.7290000e+001  2.5422025e+003  3.7300000e+000
  9.7390000e+001  2.5459988e+003  3.0600000e+000
  9.7690000e+001  2.5610065e+003  3.2000000e+000
  9.7790000e+001  2.5680892e+003  3.3400000e+000
  9.7990000e+001  2.5822733e+003  3.2100000e+000
  9.8090000e+001  2.5893603e+003  3.5900000e+000
  9.8190000e+001  2.5964474e+003  3.5600000e+000
  9.8290000e+001  2.6016645e+003  3.4800000e+000
  9.8390000e+001  2.6063876e+003  3.4100000e+000
  9.8490000e+001  2.6111197e+003  3.5000000e+000
  9.8590000e+001  2.6154521e+003  3.1400000e+000
  9.8690000e+001  2.6192616e+003  3.2300000e+000
  9.8790000e+001  2.6229013e+003  3.2300000e+000
  9.8890000e+001  2.6264448e+003  2.8100000e+000
  9.9170000e+001  2.6363632e+003  3.2500000e+000
  9.9970000e+001  2.6647178e+003  3.2200000e+000
  1.0007000e+002  2.6684543e+003  3.0500000e+000
  1.0017000e+002  2.6722355e+003  2.8100000e+000
  1.0027000e+002  2.6760973e+003  3.0400000e+000
  1.0037000e+002  2.6804621e+003  2.8400000e+000
  1.0047000e+002  2.6852009e+003  3.3900000e+000
  1.0057000e+002  2.6914461e+003  3.0800000e+000
  1.0087000e+002  2.7127452e+003  3.6200000e+000
  1.0097000e+002  2.7198094e+003  3.8900000e+000
  1.0107000e+002  2.7249830e+003  3.2700000e+000
  1.0137000e+002  2.7375184e+003  2.7000000e+000
  1.0327000e+002  2.7999985e+003  3.1300000e+000
  1.0367000e+002  2.8129446e+003  3.3700000e+000
  1.0387000e+002  2.8194366e+003  3.1100000e+000
  1.0397000e+002  2.8226826e+003  2.9900000e+000
  1.0407000e+002  2.8255176e+003  2.9000000e+000
  1.0412000e+002  2.8269364e+003  2.6700000e+000
  1.0422000e+002  2.8297791e+003  2.7900000e+000
  1.0432000e+002  2.8326013e+003  2.8600000e+000
  1.0442000e+002  2.8354518e+003  3.0000000e+000
  1.0452000e+002  2.8382740e+003  2.8900000e+000
  1.0462000e+002  2.8411344e+003  3.2000000e+000
  1.0472000e+002  2.8439567e+003  3.2200000e+000
  1.0482000e+002  2.8467789e+003  3.2500000e+000
  1.0492000e+002  2.8496293e+003  3.0700000e+000
  1.0522000e+002  2.8581242e+003  3.0300000e+000
  1.0532000e+002  2.8609747e+003  2.9600000e+000
  1.0542000e+002  2.8637969e+003  2.8800000e+000
  1.0572000e+002  2.8722918e+003  2.9600000e+000
  1.0582000e+002  2.8751422e+003  3.1400000e+000
  1.0592000e+002  2.8779689e+003  3.4400000e+000
  1.0642000e+002  2.8921420e+003  3.4200000e+000
  1.0652000e+002  2.8949924e+003  3.3100000e+000
  1.0662000e+002  2.8978147e+003  3.1700000e+000
  1.0672000e+002  2.9006651e+003  2.9200000e+000
  1.0682000e+002  2.9037726e+003  3.0000000e+000
  1.0692000e+002  2.9070083e+003  3.0800000e+000
  1.0702000e+002  2.9102439e+003  3.0400000e+000
  1.0712000e+002  2.9135734e+003  2.9600000e+000
  1.0732000e+002  2.9204297e+003  3.2500000e+000
  1.0742000e+002  2.9239772e+003  3.1700000e+000
  1.0752000e+002  2.9276367e+003  3.0900000e+000
  1.0762000e+002  2.9314878e+003  3.4400000e+000
  1.0772000e+002  2.9358870e+003  3.2700000e+000
  1.0792000e+002  2.9453271e+003  2.9500000e+000
  1.0802000e+002  2.9500659e+003  3.0600000e+000
  1.0822000e+002  2.9595089e+003  3.0200000e+000
  1.0832000e+002  2.9642449e+003  3.2200000e+000
  1.0842000e+002  2.9689641e+003  3.1900000e+000
  1.0902000e+002  2.9973306e+003  3.0800000e+000
  1.0942000e+002  3.0161993e+003  3.3600000e+000
  1.0962000e+002  3.0243743e+003  2.5500000e+000
  1.1062000e+002  3.0599185e+003  2.8400000e+000
  1.1092000e+002  3.0705706e+003  2.8500000e+000
  1.1112000e+002  3.0776304e+003  2.4600000e+000
  1.1152000e+002  3.0918204e+003  3.0200000e+000
  1.1192000e+002  3.1059953e+003  2.7700000e+000
  1.1268000e+002  3.1329164e+003  3.4900000e+000
  1.1278000e+002  3.1364578e+003  3.2900000e+000
  1.1288000e+002  3.1400053e+003  3.3200000e+000
  1.1308000e+002  3.1471102e+003  3.3600000e+000
  1.1318000e+002  3.1506577e+003  3.1200000e+000
  1.1328000e+002  3.1541989e+003  2.9300000e+000
  1.1338000e+002  3.1577267e+003  2.4700000e+000
  1.1348000e+002  3.1613913e+003  3.1400000e+000
  1.1358000e+002  3.1651824e+003  3.0100000e+000
  1.1368000e+002  3.1689734e+003  3.1500000e+000
  1.1378000e+002  3.1727409e+003  3.2800000e+000
  1.1388000e+002  3.1765176e+003  3.1500000e+000
  1.1408000e+002  3.1840759e+003  3.0000000e+000
  1.1418000e+002  3.1878628e+003  2.9800000e+000
  1.1428000e+002  3.1918573e+003  2.8200000e+000
  1.1448000e+002  3.2011048e+003  2.8900000e+000
  1.1458000e+002  3.2058085e+003  2.9100000e+000
  1.1488000e+002  3.2200151e+003  2.8800000e+000
  1.1498000e+002  3.2247262e+003  2.8300000e+000
  1.1518000e+002  3.2341819e+003  2.9200000e+000
  1.1528000e+002  3.2388908e+003  2.8200000e+000
  1.1537000e+002  3.2431557e+003  2.7900000e+000
  1.1538000e+002  3.2436296e+003  2.9000000e+000
  1.1547000e+002  3.2478946e+003  2.9000000e+000
  1.1548000e+002  3.2483684e+003  2.9500000e+000
  1.1557000e+002  3.2526204e+003  2.9600000e+000
  1.1567000e+002  3.2573249e+003  2.9700000e+000
  1.1568000e+002  3.2577996e+003  3.0000000e+000
  1.1577000e+002  3.2620712e+003  3.0300000e+000
  1.1587000e+002  3.2667885e+003  3.0900000e+000
  1.1597000e+002  3.2715038e+003  3.2000000e+000
  1.1607000e+002  3.2762426e+003  3.0600000e+000
  1.1617000e+002  3.2809467e+003  3.0900000e+000
  1.1627000e+002  3.2856728e+003  2.9100000e+000
  1.1637000e+002  3.2904116e+003  3.3300000e+000
  1.1647000e+002  3.2951504e+003  3.2100000e+000
  1.1687000e+002  3.3119026e+003  2.6200000e+000
  1.1697000e+002  3.3154501e+003  2.7500000e+000
  1.1717000e+002  3.3223148e+003  2.5500000e+000
  1.1727000e+002  3.3256601e+003  2.7200000e+000
  1.1737000e+002  3.3288958e+003  3.0000000e+000
  1.1747000e+002  3.3321315e+003  2.9700000e+000
  1.1757000e+002  3.3352889e+003  3.0400000e+000
  1.1767000e+002  3.3381449e+003  2.9000000e+000
  1.1777000e+002  3.3409671e+003  3.1100000e+000
  1.1787000e+002  3.3436165e+003  2.9000000e+000
  1.1797000e+002  3.3460997e+003  2.9800000e+000
  1.1807000e+002  3.3485829e+003  2.9900000e+000
  1.1817000e+002  3.3510662e+003  2.6900000e+000
  1.1827000e+002  3.3535430e+003  2.7000000e+000
  1.1837000e+002  3.3560193e+003  2.7500000e+000
  1.1847000e+002  3.3584956e+003  2.9500000e+000
  1.1857000e+002  3.3609743e+003  2.4500000e+000
  1.1867000e+002  3.3634575e+003  2.5000000e+000
  1.1887000e+002  3.3684240e+003  2.6600000e+000
  1.1897000e+002  3.3709041e+003  2.8500000e+000
  1.1927000e+002  3.3784107e+003  3.0300000e+000
  1.1947000e+002  3.3840724e+003  2.9900000e+000
  1.1957000e+002  3.3869229e+003  2.8300000e+000
  1.1977000e+002  3.3925956e+003  2.8100000e+000
  1.1987000e+002  3.3954178e+003  2.8700000e+000
  1.1997000e+002  3.3982682e+003  2.7200000e+000
  1.2017000e+002  3.4045576e+003  2.9300000e+000
  1.2027000e+002  3.4077933e+003  2.9200000e+000
  1.2037000e+002  3.4110303e+003  2.9400000e+000
  1.2057000e+002  3.4175080e+003  3.0300000e+000
  1.2127000e+002  3.4325805e+003  2.8600000e+000
  1.2966000e+002  3.5065071e+003  2.9100000e+000
  1.2976000e+002  3.5105487e+003  2.7700000e+000
  1.2986000e+002  3.5146110e+003  2.8300000e+000
  1.2996000e+002  3.5186810e+003  2.9500000e+000
  1.3006000e+002  3.5227509e+003  3.0000000e+000
  1.3016000e+002  3.5268208e+003  3.3000000e+000
  1.3026000e+002  3.5308783e+003  3.2600000e+000
  1.3036000e+002  3.5349200e+003  3.0600000e+000
  1.3046000e+002  3.5389899e+003  2.9300000e+000
  1.3056000e+002  3.5430599e+003  2.8900000e+000
  1.3066000e+002  3.5471298e+003  2.9600000e+000
  1.3076000e+002  3.5511997e+003  2.9900000e+000
  1.3086000e+002  3.5552496e+003  2.8400000e+000
  1.3096000e+002  3.5592989e+003  2.9700000e+000
  1.3106000e+002  3.5633688e+003  2.8000000e+000
  1.3116000e+002  3.5674387e+003  2.9100000e+000
  1.3126000e+002  3.5715087e+003  2.8000000e+000
  1.3136000e+002  3.5755786e+003  2.9700000e+000
  1.3146000e+002  3.5796208e+003  2.9700000e+000
  1.3156000e+002  3.5836778e+003  3.0100000e+000
  1.3166000e+002  3.5877477e+003  2.9700000e+000
  1.3176000e+002  3.5918176e+003  2.5400000e+000
  1.3186000e+002  3.5958683e+003  2.9200000e+000
  1.3196000e+002  3.5999168e+003  2.9000000e+000
  1.3206000e+002  3.6039867e+003  2.9600000e+000
  1.3216000e+002  3.6079028e+003  2.8700000e+000
  1.3226000e+002  3.6117828e+003  3.1600000e+000
  1.3236000e+002  3.6152568e+003  3.1700000e+000
  1.3246000e+002  3.6186410e+003  3.0300000e+000
  1.3256000e+002  3.6220193e+003  3.2100000e+000
  1.3266000e+002  3.6253976e+003  3.3100000e+000
  1.3276000e+002  3.6288021e+003  3.3000000e+000
  1.3286000e+002  3.6321876e+003  3.3100000e+000
  1.3296000e+002  3.6355659e+003  3.2100000e+000
  1.3306000e+002  3.6389441e+003  3.0300000e+000
  1.3326000e+002  3.6457079e+003  2.9000000e+000
  1.3336000e+002  3.6491029e+003  2.9400000e+000
  1.3346000e+002  3.6524907e+003  3.1200000e+000
  1.3356000e+002  3.6558690e+003  3.2200000e+000
  1.3366000e+002  3.6592532e+003  3.2800000e+000
  1.3376000e+002  3.6626482e+003  3.2200000e+000
  1.3386000e+002  3.6660372e+003  3.1400000e+000
  1.3396000e+002  3.6694155e+003  3.2900000e+000
  1.3406000e+002  3.6727786e+003  3.3100000e+000
  1.3416000e+002  3.6757437e+003  3.2700000e+000
  1.3426000e+002  3.6787087e+003  3.0900000e+000
  1.3436000e+002  3.6816738e+003  2.8000000e+000
  1.3446000e+002  3.6846389e+003  2.9100000e+000
  1.3456000e+002  3.6875980e+003  2.7700000e+000
  1.3466000e+002  3.6905502e+003  2.8400000e+000
  1.3476000e+002  3.6935044e+003  2.8000000e+000
  1.3486000e+002  3.6964695e+003  2.7600000e+000
  1.3506000e+002  3.7023996e+003  3.0300000e+000
  1.3516000e+002  3.7053647e+003  3.1100000e+000
  1.3526000e+002  3.7083297e+003  3.1100000e+000
  1.3536000e+002  3.7112948e+003  2.8800000e+000
  1.3546000e+002  3.7142599e+003  3.2100000e+000
  1.3556000e+002  3.7172249e+003  3.1800000e+000
  1.3566000e+002  3.7201900e+003  2.8900000e+000
  1.3576000e+002  3.7231422e+003  2.7800000e+000
  1.3586000e+002  3.7260943e+003  2.6900000e+000
  1.3596000e+002  3.7290555e+003  2.9700000e+000
  1.3606000e+002  3.7320206e+003  2.9300000e+000
  1.3616000e+002  3.7349857e+003  2.9300000e+000
  1.3626000e+002  3.7379507e+003  2.7800000e+000
  1.3636000e+002  3.7409158e+003  2.9600000e+000
  1.3646000e+002  3.7438809e+003  3.1900000e+000
  1.3656000e+002  3.7468459e+003  3.1400000e+000
  1.3666000e+002  3.7498003e+003  3.1700000e+000
  1.3676000e+002  3.7527525e+003  2.9700000e+000
  1.3686000e+002  3.7557115e+003  2.9200000e+000
  1.3696000e+002  3.7586766e+003  3.0300000e+000
  1.3706000e+002  3.7616416e+003  2.8900000e+000
  1.3716000e+002  3.7646067e+003  2.7700000e+000
  1.3726000e+002  3.7675717e+003  2.9300000e+000
  1.3736000e+002  3.7705368e+003  3.0000000e+000
  1.3746000e+002  3.7735019e+003  3.2100000e+000
  1.3756000e+002  3.7769085e+003  3.1100000e+000
  1.3766000e+002  3.7807692e+003  3.1800000e+000
  1.3776000e+002  3.7846368e+003  2.9900000e+000
  1.3786000e+002  3.7885168e+003  2.9900000e+000
  1.3796000e+002  3.7923899e+003  2.8300000e+000
  1.3806000e+002  3.7962505e+003  3.0100000e+000
  1.3816000e+002  3.8001180e+003  3.0400000e+000
  1.3826000e+002  3.8039980e+003  3.1200000e+000
  1.3836000e+002  3.8078712e+003  3.0500000e+000
  1.3846000e+002  3.8117319e+003  2.9100000e+000
  1.3856000e+002  3.8155992e+003  2.7600000e+000
  1.3876000e+002  3.8233526e+003  3.1400000e+000
  1.3886000e+002  3.8272133e+003  3.2600000e+000
  1.3896000e+002  3.8309086e+003  3.1100000e+000
  1.3906000e+002  3.8343036e+003  3.0200000e+000
  1.3916000e+002  3.8376938e+003  2.9000000e+000
  1.3926000e+002  3.8410721e+003  2.8900000e+000
  1.3936000e+002  3.8444539e+003  2.6400000e+000
  1.3946000e+002  3.8478489e+003  2.9300000e+000
  1.3956000e+002  3.8512403e+003  3.1400000e+000
  1.3966000e+002  3.8546186e+003  3.0400000e+000
  1.3976000e+002  3.8579969e+003  3.1500000e+000
  1.3986000e+002  3.8613752e+003  2.7800000e+000
  1.3996000e+002  3.8647869e+003  3.2100000e+000
  1.4006000e+002  3.8681652e+003  3.3400000e+000
  1.4016000e+002  3.8715434e+003  3.1700000e+000
  1.4026000e+002  3.8749217e+003  3.1500000e+000
  1.4036000e+002  3.8783000e+003  2.8700000e+000
  1.4046000e+002  3.8816950e+003  3.0100000e+000
  1.4056000e+002  3.8850900e+003  3.0500000e+000
  1.4066000e+002  3.8884683e+003  2.6700000e+000
  1.4076000e+002  3.8918466e+003  2.9400000e+000
  1.4086000e+002  3.8952404e+003  3.0700000e+000
  1.4096000e+002  3.8986354e+003  3.0900000e+000
  1.4106000e+002  3.9020148e+003  2.9700000e+000
  1.4116000e+002  3.9053931e+003  2.9500000e+000
  1.4126000e+002  3.9087714e+003  3.0200000e+000
  1.4136000e+002  3.9121807e+003  2.9500000e+000
  1.4146000e+002  3.9155614e+003  3.1500000e+000
  1.4156000e+002  3.9189397e+003  3.1600000e+000
  1.4166000e+002  3.9223179e+003  3.0700000e+000
  1.4176000e+002  3.9256962e+003  3.0200000e+000
  1.4186000e+002  3.9290864e+003  2.9100000e+000
  1.4196000e+002  3.9324814e+003  2.8200000e+000
  1.4201000e+002  3.9341586e+003  2.9700000e+000
  1.4206000e+002  3.9358645e+003  2.6900000e+000
  1.4211000e+002  3.9375703e+003  2.9400000e+000
  1.4216000e+002  3.9392428e+003  2.8300000e+000
  1.4221000e+002  3.9408819e+003  2.6700000e+000
  1.4231000e+002  3.9438340e+003  2.9300000e+000
  1.4241000e+002  3.9467862e+003  3.0400000e+000
  1.4251000e+002  3.9497496e+003  2.9400000e+000
  1.4261000e+002  3.9527147e+003  2.6500000e+000
  1.4271000e+002  3.9556797e+003  2.8300000e+000
  1.4281000e+002  3.9586448e+003  2.7100000e+000
  1.4290000e+002  3.9613134e+003  2.6900000e+000
  1.4301000e+002  3.9645749e+003  2.8900000e+000
  1.4311000e+002  3.9675400e+003  3.1200000e+000
  1.4321000e+002  3.9704922e+003  2.9000000e+000
  1.4331000e+002  3.9734443e+003  3.0100000e+000
  1.4351000e+002  3.9793706e+003  2.9300000e+000
  1.4361000e+002  3.9823357e+003  2.9500000e+000
  1.4371000e+002  3.9853007e+003  2.9900000e+000
  1.4381000e+002  3.9883114e+003  3.0900000e+000
  1.4391000e+002  3.9916897e+003  3.1600000e+000
  1.4401000e+002  3.9950811e+003  3.1100000e+000
  1.4411000e+002  3.9984761e+003  3.0400000e+000
  1.4421000e+002  4.0018579e+003  3.1200000e+000
  1.4441000e+002  4.0086264e+003  2.9900000e+000
  1.4451000e+002  4.0120214e+003  2.8700000e+000
  1.4461000e+002  4.0154045e+003  2.8400000e+000
  1.4471000e+002  4.0187828e+003  3.0000000e+000
  1.4481000e+002  4.0221610e+003  2.9600000e+000
  1.4492000e+002  4.0259072e+003  2.9700000e+000
  1.4501000e+002  4.0289510e+003  3.0600000e+000
  1.4511000e+002  4.0323293e+003  2.8000000e+000
  1.4521000e+002  4.0357076e+003  3.1200000e+000
  1.4531000e+002  4.0390859e+003  3.0800000e+000
  1.4541000e+002  4.0424725e+003  3.1800000e+000
  1.4551000e+002  4.0458675e+003  3.0700000e+000
  1.4561000e+002  4.0492541e+003  3.2000000e+000
  1.4571000e+002  4.0526324e+003  2.9100000e+000
  1.4581000e+002  4.0560179e+003  2.9100000e+000
  1.4591000e+002  4.0594129e+003  3.0900000e+000
  1.4601000e+002  4.0625280e+003  2.6800000e+000
  1.4611000e+002  4.0654931e+003  2.8800000e+000
  1.4641000e+002  4.0743876e+003  2.6700000e+000
  1.4661000e+002  4.0802920e+003  3.0200000e+000
  1.4671000e+002  4.0832538e+003  3.0300000e+000
  1.4681000e+002  4.0862189e+003  2.8800000e+000
  1.4691000e+002  4.0891839e+003  3.0000000e+000
  1.4701000e+002  4.0921490e+003  2.7400000e+000
  1.4711000e+002  4.0951786e+003  2.9400000e+000
  1.4721000e+002  4.0985593e+003  2.8500000e+000
  1.4731000e+002  4.1019543e+003  2.9800000e+000
  1.4741000e+002  4.1053469e+003  2.8900000e+000
  1.4751000e+002  4.1087252e+003  2.9100000e+000
  1.4761000e+002  4.1121034e+003  2.7800000e+000
  1.4771000e+002  4.1154817e+003  2.8700000e+000
  1.4781000e+002  4.1188934e+003  2.8900000e+000
  1.4791000e+002  4.1222717e+003  2.9400000e+000
  1.4801000e+002  4.1256500e+003  2.9500000e+000
  1.4811000e+002  4.1290283e+003  2.7900000e+000
  1.4821000e+002  4.1324066e+003  2.8000000e+000
  1.4831000e+002  4.1358004e+003  2.9300000e+000
  1.4841000e+002  4.1394628e+003  2.6700000e+000
  1.4851000e+002  4.1433428e+003  2.8200000e+000
  1.4861000e+002  4.1472120e+003  2.9000000e+000
  1.4871000e+002  4.1510727e+003  2.9900000e+000
  1.4881000e+002  4.1549334e+003  3.0300000e+000
  1.4891000e+002  4.1587941e+003  3.0900000e+000
  1.4901000e+002  4.1626652e+003  3.0300000e+000
  1.4911000e+002  4.1665452e+003  3.0700000e+000
  1.5850000e+002  4.5195703e+003  2.7600000e+000
  1.5910000e+002  4.5384145e+003  2.8000000e+000
  1.5940000e+002  4.5472950e+003  2.4100000e+000
  1.5950000e+002  4.5502601e+003  2.6400000e+000
  1.5960000e+002  4.5532252e+003  2.4700000e+000
  1.5970000e+002  4.5562966e+003  2.8200000e+000
  1.5990000e+002  4.5639018e+003  2.7700000e+000
  1.6000000e+002  4.5677760e+003  2.9200000e+000
  1.6010000e+002  4.5716560e+003  3.0500000e+000
  1.6020000e+002  4.5755225e+003  2.9900000e+000
  1.6030000e+002  4.5793832e+003  2.9500000e+000
  1.6040000e+002  4.5832439e+003  2.6600000e+000
  1.6050000e+002  4.5871046e+003  2.7000000e+000
  1.6060000e+002  4.5909784e+003  2.7900000e+000
  1.6070000e+002  4.5948584e+003  2.7100000e+000
  1.6080000e+002  4.5987253e+003  2.8300000e+000
  1.6090000e+002  4.6025860e+003  2.7200000e+000
  1.6100000e+002  4.6064596e+003  2.7800000e+000
  1.6110000e+002  4.6103396e+003  2.9600000e+000
  1.6120000e+002  4.6142067e+003  3.1100000e+000
  1.6130000e+002  4.6180674e+003  2.7800000e+000
  1.6140000e+002  4.6214471e+003  2.7600000e+000
  1.6150000e+002  4.6244121e+003  2.6900000e+000
  1.6160000e+002  4.6273656e+003  2.6100000e+000
  1.6170000e+002  4.6301853e+003  2.8600000e+000
  1.6180000e+002  4.6330051e+003  2.7300000e+000
  1.6190000e+002  4.6358249e+003  2.6800000e+000
  1.6200000e+002  4.6386552e+003  2.5400000e+000
  1.6210000e+002  4.6414915e+003  2.6000000e+000
  1.6220000e+002  4.6443124e+003  2.8600000e+000
  1.6230000e+002  4.6471322e+003  2.9500000e+000
  1.6240000e+002  4.6499519e+003  3.0700000e+000
  1.6250000e+002  4.6527717e+003  2.8100000e+000
  1.6260000e+002  4.6555915e+003  2.9700000e+000
  1.6270000e+002  4.6584112e+003  2.8200000e+000
  1.6280000e+002  4.6612310e+003  2.3400000e+000
  1.6300000e+002  4.6668705e+003  2.7700000e+000
  1.6310000e+002  4.6696903e+003  2.8500000e+000
  1.6320000e+002  4.6725101e+003  2.2500000e+000
  1.6330000e+002  4.6753298e+003  2.7700000e+000
  1.6340000e+002  4.6781496e+003  2.6300000e+000
  1.6350000e+002  4.6809694e+003  2.9900000e+000
  1.6360000e+002  4.6837891e+003  3.2200000e+000
  1.6370000e+002  4.6865610e+003  2.6600000e+000
  1.6380000e+002  4.6892743e+003  3.0300000e+000
  1.6390000e+002  4.6919876e+003  2.7900000e+000
  1.6400000e+002  4.6946897e+003  2.7600000e+000
  1.6410000e+002  4.6973870e+003  2.8100000e+000
  1.6420000e+002  4.7001003e+003  2.6100000e+000
  1.6440000e+002  4.7055269e+003  2.6900000e+000
  1.6450000e+002  4.7082401e+003  2.7800000e+000
  1.6460000e+002  4.7109372e+003  2.9400000e+000
  1.6470000e+002  4.7136396e+003  2.8700000e+000
  1.6500000e+002  4.7217794e+003  2.6700000e+000
  1.6510000e+002  4.7244903e+003  2.9100000e+000
  1.6560000e+002  4.7380164e+003  2.8400000e+000
  1.6580000e+002  4.7434315e+003  2.5000000e+000
  1.6590000e+002  4.7461448e+003  3.0900000e+000
  1.6600000e+002  4.7488580e+003  2.7600000e+000
  1.6610000e+002  4.7515694e+003  2.7000000e+000
  1.6620000e+002  4.7542639e+003  2.8000000e+000
  1.6630000e+002  4.7569708e+003  2.7600000e+000
  1.6650000e+002  4.7623973e+003  2.2100000e+000
  1.6660000e+002  4.7651106e+003  2.6700000e+000
  1.6690000e+002  4.7732234e+003  2.7900000e+000
  1.6700000e+002  4.7759366e+003  3.0600000e+000
  1.6710000e+002  4.7786499e+003  2.8400000e+000
  1.6720000e+002  4.7813632e+003  2.9100000e+000
  1.6730000e+002  4.7841447e+003  2.8900000e+000
  1.6740000e+002  4.7869644e+003  2.9200000e+000
  1.6750000e+002  4.7897842e+003  2.7500000e+000
  1.6760000e+002  4.7926040e+003  2.5900000e+000
  1.6770000e+002  4.7954237e+003  2.8100000e+000
  1.6780000e+002  4.7983132e+003  2.7400000e+000
  1.6790000e+002  4.8012783e+003  2.8600000e+000
  1.6800000e+002  4.8042409e+003  2.9700000e+000
  1.6810000e+002  4.8071931e+003  2.3400000e+000
  1.6820000e+002  4.8101453e+003  2.9000000e+000
  1.6830000e+002  4.8131089e+003  3.0300000e+000
  1.6840000e+002  4.8160740e+003  2.8300000e+000
  1.6860000e+002  4.8220041e+003  2.6900000e+000
  1.6870000e+002  4.8249692e+003  2.7100000e+000
  1.6880000e+002  4.8279342e+003  2.6900000e+000
  1.6890000e+002  4.8308990e+003  2.6200000e+000
  1.6900000e+002  4.8338512e+003  2.6900000e+000
  1.6910000e+002  4.8368034e+003  2.5800000e+000
  1.6930000e+002  4.8437492e+003  3.0100000e+000
  1.6948000e+002  4.8507056e+003  3.1900000e+000
  1.6954000e+002  4.8530336e+003  3.0000000e+000
  1.6958000e+002  4.8545856e+003  2.6800000e+000
  1.6998000e+002  4.8684275e+003  2.4200000e+000
  1.7018000e+002  4.8751924e+003  2.5800000e+000
  1.7028000e+002  4.8785779e+003  2.8400000e+000
  1.7088000e+002  4.9008730e+003  3.0400000e+000
  1.7098000e+002  4.9047337e+003  2.9500000e+000
  1.7108000e+002  4.9085944e+003  2.7500000e+000
  1.7118000e+002  4.9124551e+003  2.3900000e+000
  1.7138000e+002  4.9201964e+003  2.6800000e+000
  1.7198000e+002  4.9434179e+003  2.8600000e+000
  1.7208000e+002  4.9472788e+003  2.7600000e+000
