  1.0000000e-002  0.0000000e+000  3.0600000e+000
  1.1000000e-001  3.9040714e+000  3.4600000e+000
  2.1000000e-001  7.5905142e+000  3.3800000e+000
  3.1000000e-001  1.0713771e+001  3.3700000e+000
  4.1000000e-001  1.3401771e+001  4.6900000e+000
  6.1000000e-001  1.7869028e+001  5.0600000e+000
  7.1000000e-001  1.9837680e+001  4.8000000e+000
  8.1000000e-001  2.1711634e+001  4.7400000e+000
  9.1000000e-001  2.3550474e+001  4.6400000e+000
  1.0100000e+000  2.5335217e+001  4.5300000e+000
  1.1100000e+000  2.7119959e+001  4.5200000e+000
  1.2100000e+000  2.8904678e+001  4.4900000e+000
  1.2100000e+000  2.8904678e+001  4.4900000e+000
  1.3100000e+000  3.0689361e+001  4.4400000e+000
  1.4100000e+000  3.2474044e+001  4.4700000e+000
  1.5100000e+000  3.4258748e+001  4.3900000e+000
  1.6100000e+000  3.6043490e+001  4.3600000e+000
  1.7100000e+000  3.7828232e+001  4.4100000e+000
  1.8100000e+000  3.9612953e+001  4.3700000e+000
  1.9100000e+000  4.1397636e+001  4.2700000e+000
  1.9100000e+000  4.1397636e+001  4.3400000e+000
  2.0100000e+000  4.3182319e+001  4.2700000e+000
  2.1100000e+000  4.4967022e+001  4.4800000e+000
  2.2100000e+000  4.6751764e+001  4.2700000e+000
  2.3100000e+000  4.8536506e+001  4.2000000e+000
  2.4100000e+000  5.0321248e+001  4.1500000e+000
  2.5100000e+000  5.2105990e+001  4.1600000e+000
  2.6100000e+000  5.3890732e+001  4.3100000e+000
  2.7100000e+000  5.5675455e+001  4.4500000e+000
  2.8100000e+000  5.7460138e+001  4.3000000e+000
  2.9100000e+000  5.9244821e+001  4.2000000e+000
  3.0100000e+000  6.1029522e+001  4.3000000e+000
  3.1100000e+000  6.2814264e+001  4.3500000e+000
  3.2100000e+000  6.4599006e+001  4.4000000e+000
  3.3100000e+000  6.6383731e+001  4.2700000e+000
  3.4100000e+000  6.8168414e+001  4.5000000e+000
  3.7400000e+000  7.4057961e+001  4.3700000e+000
  3.8400000e+000  7.5842703e+001  4.3500000e+000
  3.8400000e+000  7.5842703e+001  4.4400000e+000
  3.9400000e+000  7.7627445e+001  4.3400000e+000
  3.9400000e+000  7.7627445e+001  4.4000000e+000
  4.0400000e+000  7.9412187e+001  3.9900000e+000
  4.1400000e+000  8.1196929e+001  3.7800000e+000
  4.2400000e+000  8.2981638e+001  3.6700000e+000
  4.3400000e+000  8.4766320e+001  3.7700000e+000
  4.4400000e+000  8.6551003e+001  3.7900000e+000
  4.7400000e+000  9.1905203e+001  4.1400000e+000
  4.8400000e+000  9.3689913e+001  4.0500000e+000
  4.9400000e+000  9.5474596e+001  3.8900000e+000
  5.0400000e+000  9.7259279e+001  3.7700000e+000
  5.0400000e+000  9.7259279e+001  3.7600000e+000
  5.0400000e+000  9.7259279e+001  3.9100000e+000
  5.1400000e+000  9.9090579e+001  3.6500000e+000
  5.2400000e+000  1.0096453e+002  3.6800000e+000
  5.3400000e+000  1.0291569e+002  3.8100000e+000
  5.3400000e+000  1.0291569e+002  3.6800000e+000
  5.4400000e+000  1.0501869e+002  3.9400000e+000
  5.5400000e+000  1.0736111e+002  3.8300000e+000
  5.7400000e+000  1.1225811e+002  4.1300000e+000
  5.8400000e+000  1.1488592e+002  3.7600000e+000
  5.9400000e+000  1.1800907e+002  3.4400000e+000
  6.0400000e+000  1.2113241e+002  3.1300000e+000
  6.1400000e+000  1.2425567e+002  3.0700000e+000
  6.2400000e+000  1.2763955e+002  3.1000000e+000
  6.3400000e+000  1.3154358e+002  4.3600000e+000
  6.4400000e+000  1.3496940e+002  4.7600000e+000
  6.8400000e+000  1.4746238e+002  4.7300000e+000
  7.0400000e+000  1.5307283e+002  4.5500000e+000
  7.1400000e+000  1.5557144e+002  4.5100000e+000
  7.2400000e+000  1.5793464e+002  4.5800000e+000
  7.4300000e+000  1.6211305e+002  4.4200000e+000
  7.5300000e+000  1.6403809e+002  4.5800000e+000
  7.6300000e+000  1.6591204e+002  4.3700000e+000
  7.8300000e+000  1.6951694e+002  4.4000000e+000
  7.9300000e+000  1.7130168e+002  4.4600000e+000
  8.0300000e+000  1.7308643e+002  4.4900000e+000
  8.1300000e+000  1.7487117e+002  4.3100000e+000
  8.2300000e+000  1.7665591e+002  4.2400000e+000
  8.3300000e+000  1.7844062e+002  4.4100000e+000
  8.4300000e+000  1.8022530e+002  4.2300000e+000
  8.5300000e+000  1.8200998e+002  4.2500000e+000
  8.6300000e+000  1.8379470e+002  4.4100000e+000
  8.7300000e+000  1.8557944e+002  4.4600000e+000
  8.7300000e+000  1.8557944e+002  4.2800000e+000
  8.9300000e+000  1.8914889e+002  4.3200000e+000
  9.1300000e+000  1.9271826e+002  4.0800000e+000
  9.1300000e+000  1.9271826e+002  3.8100000e+000
  9.2300000e+000  1.9450297e+002  3.7600000e+000
  9.3300000e+000  1.9628772e+002  3.7300000e+000
  9.4300000e+000  1.9807246e+002  3.5400000e+000
  9.4300000e+000  1.9807246e+002  3.3800000e+000
  9.4300000e+000  1.9807246e+002  3.9300000e+000
  9.5300000e+000  1.9985720e+002  3.4400000e+000
  9.5300000e+000  1.9985720e+002  3.7800000e+000
  9.5300000e+000  1.9985720e+002  3.4900000e+000
  9.6300000e+000  2.0164194e+002  3.5200000e+000
  1.0030000e+001  2.0908175e+002  3.3700000e+000
  1.0030000e+001  2.0908175e+002  3.6500000e+000
  1.0130000e+001  2.1118371e+002  3.6500000e+000
  1.0230000e+001  2.1352654e+002  3.3600000e+000
  1.0330000e+001  2.1592434e+002  3.4900000e+000
  1.0430000e+001  2.1842248e+002  3.5200000e+000
  1.0530000e+001  2.2104737e+002  4.3000000e+000
  1.0530000e+001  2.2104737e+002  4.2300000e+000
  1.0930000e+001  2.3354032e+002  3.6900000e+000
  1.1030000e+001  2.3666277e+002  3.7300000e+000
  1.1030000e+001  2.3666277e+002  3.9900000e+000
  1.1130000e+001  2.3978523e+002  3.3900000e+000
  1.1230000e+001  2.4290851e+002  3.8400000e+000
  1.1330000e+001  2.4574768e+002  4.2200000e+000
  1.1630000e+001  2.5324407e+002  4.4800000e+000
  1.1730000e+001  2.5574222e+002  4.5200000e+000
  1.1830000e+001  2.5824036e+002  4.5600000e+000
  1.1930000e+001  2.6073850e+002  4.3600000e+000
  1.1930000e+001  2.6073850e+002  4.4600000e+000
  1.2030000e+001  2.6323780e+002  4.4100000e+000
  1.2130000e+001  2.6573710e+002  4.3500000e+000
  1.2230000e+001  2.6823542e+002  4.3900000e+000
  1.2330000e+001  2.7073356e+002  4.3800000e+000
  1.2430000e+001  2.7323251e+002  4.7000000e+000
  1.2630000e+001  2.7814478e+002  4.2300000e+000
  1.2630000e+001  2.7814478e+002  4.6400000e+000
  1.2830000e+001  2.8261374e+002  3.3300000e+000
  1.6430000e+001  3.6768714e+002  4.2000000e+000
  1.6530000e+001  3.7080960e+002  4.1300000e+000
  1.6730000e+001  3.7705764e+002  4.0900000e+000
  1.6730000e+001  3.7705764e+002  4.1300000e+000
  1.6830000e+001  3.8018009e+002  3.9700000e+000
  1.6930000e+001  3.8330255e+002  3.9000000e+000
  1.7130000e+001  3.8955059e+002  4.0000000e+000
  1.7430000e+001  3.9952958e+002  3.5900000e+000
  1.7630000e+001  4.0733659e+002  3.4200000e+000
  1.7630000e+001  4.0733659e+002  3.3600000e+000
  1.7730000e+001  4.1123979e+002  3.0400000e+000
  1.7830000e+001  4.1514450e+002  3.2900000e+000
  1.7830000e+001  4.1514450e+002  3.5300000e+000
  1.7930000e+001  4.1904920e+002  3.9300000e+000
  1.8130000e+001  4.2685862e+002  3.9800000e+000
  1.8130000e+001  4.2685862e+002  4.9300000e+000
  1.8230000e+001  4.3062571e+002  5.1800000e+000
  1.8330000e+001  4.3328348e+002  5.1700000e+000
  1.8430000e+001  4.3578278e+002  5.0600000e+000
  1.8730000e+001  4.4327819e+002  4.7200000e+000
  1.8830000e+001  4.4577750e+002  4.6000000e+000
  1.8830000e+001  4.4577750e+002  4.9300000e+000
  1.8930000e+001  4.4827646e+002  4.7800000e+000
  1.9030000e+001  4.5077460e+002  4.8700000e+000
  2.0600000e+001  4.9726001e+002  3.4900000e+000
  2.0600000e+001  4.9726001e+002  3.7100000e+000
  2.0700000e+001  4.9975816e+002  3.8000000e+000
  2.0840000e+001  5.0325555e+002  4.1600000e+000
  2.0900000e+001  5.0475444e+002  4.0900000e+000
  2.0940000e+001  5.0575389e+002  4.1400000e+000
  2.0940000e+001  5.0575389e+002  4.1000000e+000
  2.1000000e+001  5.0725347e+002  3.7600000e+000
  2.1040000e+001  5.0825319e+002  4.1700000e+000
  2.1100000e+001  5.0975277e+002  4.0900000e+000
  2.1140000e+001  5.1075046e+002  4.0100000e+000
  2.1200000e+001  5.1215615e+002  4.0600000e+000
  2.1200000e+001  5.1215615e+002  4.0600000e+000
  2.1240000e+001  5.1309328e+002  4.0000000e+000
  2.1300000e+001  5.1449898e+002  3.9700000e+000
  2.1340000e+001  5.1543571e+002  3.9300000e+000
  2.1400000e+001  5.1684059e+002  3.8200000e+000
  2.1440000e+001  5.1777717e+002  3.9600000e+000
  2.1500000e+001  5.1918228e+002  3.7900000e+000
  2.1540000e+001  5.2011941e+002  3.8900000e+000
  2.1600000e+001  5.2152510e+002  3.7400000e+000
  2.1640000e+001  5.2246223e+002  3.8200000e+000
  2.1740000e+001  5.2480506e+002  3.8700000e+000
  2.1740000e+001  5.2480506e+002  3.7700000e+000
  2.1840000e+001  5.2714771e+002  4.0100000e+000
  2.1840000e+001  5.2714771e+002  3.7900000e+000
  2.1900000e+001  5.2855259e+002  3.8700000e+000
  2.1940000e+001  5.2948917e+002  3.8700000e+000
  2.2000000e+001  5.3089500e+002  3.9400000e+000
  2.2000000e+001  5.3089500e+002  3.8900000e+000
  2.2040000e+001  5.3189472e+002  4.0000000e+000
  2.2100000e+001  5.3339430e+002  3.9700000e+000
  2.2140000e+001  5.3439402e+002  4.3700000e+000
  2.2200000e+001  5.3589360e+002  4.6200000e+000
  2.2240000e+001  5.3689303e+002  4.4300000e+000
  2.2300000e+001  5.3839191e+002  4.0600000e+000
  2.2300000e+001  5.3839191e+002  4.3800000e+000
  2.2340000e+001  5.3939117e+002  4.3800000e+000
  2.2400000e+001  5.4089005e+002  4.6800000e+000
  2.2400000e+001  5.4089005e+002  4.4300000e+000
  2.2440000e+001  5.4188943e+002  4.6000000e+000
  2.2500000e+001  5.4338901e+002  4.4400000e+000
  2.2540000e+001  5.4438873e+002  3.5300000e+000
  2.2540000e+001  5.4438873e+002  4.6400000e+000
  2.2600000e+001  5.4588831e+002  4.3500000e+000
  2.2640000e+001  5.4688803e+002  4.6600000e+000
  2.2640000e+001  5.4688803e+002  4.4700000e+000
  2.2740000e+001  5.4938623e+002  4.3900000e+000
  2.2740000e+001  5.4938623e+002  4.3400000e+000
  2.2840000e+001  5.5188437e+002  4.2700000e+000
  2.3040000e+001  5.5688065e+002  4.1400000e+000
  2.3240000e+001  5.6187885e+002  4.0200000e+000
  2.3340000e+001  5.6437758e+002  4.1400000e+000
  2.3540000e+001  5.6937426e+002  3.7300000e+000
  2.3640000e+001  5.7187356e+002  3.4400000e+000
  2.3640000e+001  5.7187356e+002  3.4500000e+000
  2.3740000e+001  5.7437264e+002  3.5400000e+000
  2.3840000e+001  5.7687078e+002  3.2900000e+000
  2.3880000e+001  5.7787004e+002  3.2400000e+000
  2.3940000e+001  5.7936892e+002  3.7600000e+000
  2.3980000e+001  5.8036818e+002  3.2700000e+000
  2.4040000e+001  5.8186706e+002  4.3900000e+000
  2.4090000e+001  5.8311613e+002  4.0800000e+000
  2.4140000e+001  5.8436520e+002  4.2000000e+000
  2.4190000e+001  5.8585898e+002  4.3400000e+000
  2.4240000e+001  5.8742177e+002  4.4700000e+000
  2.4290000e+001  5.8898383e+002  4.1400000e+000
  2.4330000e+001  5.9023167e+002  4.2400000e+000
  2.4330000e+001  5.9023167e+002  3.9400000e+000
  2.4340000e+001  5.9054422e+002  4.0000000e+000
  2.4390000e+001  5.9210701e+002  3.9700000e+000
  2.4430000e+001  5.9335573e+002  3.8500000e+000
  2.4440000e+001  5.9366756e+002  3.8500000e+000
  2.4490000e+001  5.9522947e+002  3.8900000e+000
  2.4530000e+001  5.9647970e+002  3.7900000e+000
  2.4590000e+001  5.9835193e+002  3.8400000e+000
  2.4630000e+001  5.9960216e+002  3.7800000e+000
  2.4630000e+001  5.9960216e+002  3.8100000e+000
  2.4690000e+001  6.0147586e+002  3.9300000e+000
  2.4730000e+001  6.0272461e+002  3.7800000e+000
  2.4730000e+001  6.0272461e+002  3.8300000e+000
  2.4790000e+001  6.0459996e+002  3.5800000e+000
  2.4830000e+001  6.0584776e+002  3.7000000e+000
  2.4890000e+001  6.0772242e+002  3.7400000e+000
  2.4930000e+001  6.0897232e+002  3.6600000e+000
  2.4990000e+001  6.1084487e+002  3.4700000e+000
  2.5030000e+001  6.1209511e+002  3.5000000e+000
  2.5030000e+001  6.1209511e+002  3.2200000e+000
  2.5090000e+001  6.1396789e+002  3.5300000e+000
  2.5130000e+001  6.1521756e+002  3.6500000e+000
  2.5190000e+001  6.1747702e+002  3.7600000e+000
  2.5290000e+001  6.2138173e+002  3.6000000e+000
  2.5330000e+001  6.2294361e+002  4.6700000e+000
  2.5390000e+001  6.2528643e+002  4.8800000e+000
  2.5430000e+001  6.2684832e+002  4.9600000e+000
  2.5490000e+001  6.2919102e+002  4.9500000e+000
  2.5530000e+001  6.3075200e+002  5.0300000e+000
  2.5590000e+001  6.3309346e+002  4.7600000e+000
  2.5630000e+001  6.3465444e+002  4.9200000e+000
  2.5690000e+001  6.3699665e+002  4.7700000e+000
  2.5730000e+001  6.3855853e+002  4.9700000e+000
  2.5790000e+001  6.4090136e+002  4.6900000e+000
  2.5830000e+001  6.4245700e+002  4.6800000e+000
  2.5890000e+001  6.4422067e+002  4.5900000e+000
  2.5930000e+001  6.4521993e+002  4.8100000e+000
  2.5990000e+001  6.4671881e+002  4.6800000e+000
  2.6030000e+001  6.4771807e+002  4.6700000e+000
  2.6090000e+001  6.4921695e+002  4.5700000e+000
  2.6130000e+001  6.5021621e+002  4.6400000e+000
  2.6190000e+001  6.5171509e+002  4.5300000e+000
  2.6230000e+001  6.5271435e+002  4.5300000e+000
  2.6290000e+001  6.5421323e+002  4.6000000e+000
  2.6390000e+001  6.5671239e+002  4.5500000e+000
  2.6430000e+001  6.5771211e+002  4.5000000e+000
  2.6490000e+001  6.5921169e+002  4.4200000e+000
  2.6530000e+001  6.6021127e+002  4.4900000e+000
  2.6590000e+001  6.6171016e+002  4.5700000e+000
  2.6630000e+001  6.6270941e+002  4.5600000e+000
  2.6690000e+001  6.6420830e+002  4.2400000e+000
  2.6790000e+001  6.6670710e+002  4.2900000e+000
  2.6890000e+001  6.6920640e+002  4.3300000e+000
  2.6930000e+001  6.7020613e+002  4.6900000e+000
  2.7190000e+001  6.7670150e+002  4.4500000e+000
  2.7230000e+001  6.7770076e+002  4.3900000e+000
  2.7290000e+001  6.7919964e+002  4.1600000e+000
  2.7330000e+001  6.8019890e+002  4.1100000e+000
  2.7330000e+001  6.8019890e+002  4.3400000e+000
  2.7380000e+001  6.8144799e+002  4.3400000e+000
  2.7490000e+001  6.8419722e+002  3.9100000e+000
  2.7590000e+001  6.8669652e+002  4.0500000e+000
  2.7690000e+001  6.8919471e+002  3.9900000e+000
  2.7730000e+001  6.9019396e+002  3.8100000e+000
  2.7790000e+001  6.9169285e+002  3.6700000e+000
  2.7830000e+001  6.9269235e+002  3.5200000e+000
  2.7830000e+001  6.9269235e+002  3.5700000e+000
  2.7890000e+001  6.9419193e+002  3.3900000e+000
  2.7930000e+001  6.9519165e+002  3.4100000e+000
  2.7990000e+001  6.9669124e+002  3.4700000e+000
  2.8030000e+001  6.9769088e+002  3.4200000e+000
  2.8090000e+001  6.9918977e+002  3.5000000e+000
  2.8190000e+001  7.0168791e+002  3.4900000e+000
  2.8230000e+001  7.0268717e+002  3.6400000e+000
  2.8290000e+001  7.0450547e+002  3.7300000e+000
  2.8330000e+001  7.0575315e+002  3.6900000e+000
  2.8390000e+001  7.0762850e+002  3.6900000e+000
  2.8430000e+001  7.0902599e+002  3.9100000e+000
  2.8490000e+001  7.1136881e+002  3.8700000e+000
  2.8530000e+001  7.1293070e+002  4.3000000e+000
  2.8690000e+001  7.1917580e+002  4.3900000e+000
  2.8790000e+001  7.2280945e+002  4.3700000e+000
  2.8830000e+001  7.2386141e+002  4.0300000e+000
  2.8890000e+001  7.2536030e+002  3.9900000e+000
  2.8930000e+001  7.2635955e+002  4.2000000e+000
  2.8990000e+001  7.2785844e+002  4.0800000e+000
  2.9030000e+001  7.2885789e+002  3.9900000e+000
  2.9090000e+001  7.3035747e+002  3.9100000e+000
  2.9130000e+001  7.3135719e+002  4.0000000e+000
  2.9190000e+001  7.3285677e+002  3.8500000e+000
  2.9230000e+001  7.3385648e+002  4.0200000e+000
  2.9290000e+001  7.3535536e+002  3.9700000e+000
  2.9330000e+001  7.3635462e+002  3.9800000e+000
  2.9390000e+001  7.3785350e+002  4.0300000e+000
  2.9430000e+001  7.3885276e+002  4.0300000e+000
  2.9490000e+001  7.4035218e+002  3.9500000e+000
  2.9530000e+001  7.4135190e+002  4.0000000e+000
  2.9590000e+001  7.4285148e+002  3.9800000e+000
  2.9630000e+001  7.4385120e+002  4.2900000e+000
  2.9690000e+001  7.4554268e+002  4.3800000e+000
  2.9730000e+001  7.4700941e+002  4.5200000e+000
  2.9730000e+001  7.4700941e+002  4.5300000e+000
  2.9790000e+001  7.4935224e+002  4.3400000e+000
  2.9830000e+001  7.5091412e+002  4.3700000e+000
  2.9890000e+001  7.5325694e+002  4.1900000e+000
  2.9930000e+001  7.5481883e+002  4.2700000e+000
  2.9990000e+001  7.5716165e+002  4.2100000e+000
  3.0030000e+001  7.5872353e+002  4.2300000e+000
  3.0090000e+001  7.6106537e+002  4.1600000e+000
  3.0130000e+001  7.6262634e+002  4.3500000e+000
  3.0190000e+001  7.6496780e+002  4.0900000e+000
  3.0230000e+001  7.6643944e+002  4.0700000e+000
  3.0290000e+001  7.6831479e+002  3.9100000e+000
  3.0330000e+001  7.6956317e+002  4.0400000e+000
  3.0390000e+001  7.7143725e+002  3.8800000e+000
  3.0430000e+001  7.7244027e+002  3.7300000e+000
  3.0490000e+001  7.7393915e+002  3.7800000e+000
  3.0590000e+001  7.7643729e+002  3.2800000e+000
  3.0630000e+001  7.7743683e+002  3.4800000e+000
  3.0690000e+001  7.7893641e+002  3.4600000e+000
  3.0730000e+001  7.7993613e+002  3.3500000e+000
  3.0790000e+001  7.8143572e+002  3.1500000e+000
  3.0830000e+001  7.8243533e+002  3.3600000e+000
  3.0890000e+001  7.8393422e+002  3.4100000e+000
  3.1290000e+001  7.9581815e+002  3.8700000e+000
  3.1590000e+001  8.0752924e+002  3.7400000e+000
  3.1690000e+001  8.1143395e+002  4.1200000e+000
  3.1790000e+001  8.1533865e+002  4.0500000e+000
  3.1890000e+001  8.1924336e+002  3.8900000e+000
  3.1990000e+001  8.2314693e+002  3.7000000e+000
  3.2030000e+001  8.2470790e+002  3.6800000e+000
  3.2090000e+001  8.2704937e+002  3.6200000e+000
  3.2130000e+001  8.2861075e+002  3.7000000e+000
  3.2190000e+001  8.3095358e+002  3.5400000e+000
  3.2230000e+001  8.3251546e+002  3.7600000e+000
  3.2290000e+001  8.3485828e+002  3.6900000e+000
  3.2380000e+001  8.3837252e+002  3.7200000e+000
  3.2430000e+001  8.4032487e+002  3.9100000e+000
  3.2480000e+001  8.4208928e+002  3.5700000e+000
  3.2680000e+001  8.4833593e+002  3.6500000e+000
  3.2790000e+001  8.5177094e+002  3.6200000e+000
  3.2890000e+001  8.5489626e+002  3.4000000e+000
  3.2990000e+001  8.5801898e+002  3.6500000e+000
  3.3080000e+001  8.6082887e+002  3.6800000e+000
  3.3180000e+001  8.6395189e+002  3.1700000e+000
  3.3280000e+001  8.6746102e+002  4.3400000e+000
  3.3480000e+001  8.7526868e+002  4.8500000e+000
  3.3580000e+001  8.7913228e+002  4.4900000e+000
  3.3680000e+001  8.8225648e+002  4.5200000e+000
  3.3780000e+001  8.8538032e+002  4.3900000e+000
  3.3880000e+001  8.8850277e+002  4.6100000e+000
  3.4080000e+001  8.9475081e+002  4.4700000e+000
  3.4180000e+001  8.9787327e+002  4.2800000e+000
  3.4280000e+001  9.0099572e+002  4.1900000e+000
  3.4280000e+001  9.0099572e+002  3.9800000e+000
  3.4380000e+001  9.0411909e+002  3.9400000e+000
  3.4490000e+001  9.0755549e+002  3.8900000e+000
  3.4590000e+001  9.1067877e+002  3.8700000e+000
  3.4690000e+001  9.1380123e+002  3.8000000e+000
  3.4790000e+001  9.1700238e+002  4.0300000e+000
  3.4890000e+001  9.2090708e+002  4.3900000e+000
  3.4930000e+001  9.2246896e+002  4.3500000e+000
  3.4990000e+001  9.2481179e+002  4.2400000e+000
  3.5030000e+001  9.2637367e+002  4.3300000e+000
  3.5090000e+001  9.2871650e+002  4.1800000e+000
  3.5130000e+001  9.3027838e+002  3.8600000e+000
  3.5130000e+001  9.3027838e+002  4.4600000e+000
  3.5190000e+001  9.3262120e+002  3.7400000e+000
  3.5290000e+001  9.3652591e+002  3.8300000e+000
  3.5330000e+001  9.3782200e+002  3.8600000e+000
  3.5390000e+001  9.3969667e+002  3.5200000e+000
  3.5430000e+001  9.4094656e+002  3.7000000e+000
  3.5490000e+001  9.4281913e+002  3.5000000e+000
  3.5590000e+001  9.4594213e+002  3.5100000e+000
  3.5630000e+001  9.4719181e+002  3.3400000e+000
  3.5690000e+001  9.4906669e+002  3.2500000e+000
  3.5730000e+001  9.5031427e+002  3.2100000e+000
  3.5730000e+001  9.5031427e+002  3.2300000e+000
  3.5790000e+001  9.5218962e+002  3.1000000e+000
  3.5830000e+001  9.5343859e+002  3.1800000e+000
  3.5890000e+001  9.5531207e+002  3.0700000e+000
  3.5990000e+001  9.5843453e+002  3.4900000e+000
  3.6090000e+001  9.6204473e+002  4.2800000e+000
  3.6130000e+001  9.6360661e+002  4.2000000e+000
  3.6190000e+001  9.6594943e+002  4.0000000e+000
  3.6230000e+001  9.6751132e+002  3.8500000e+000
  3.6290000e+001  9.6985414e+002  3.7600000e+000
  3.6330000e+001  9.7141602e+002  4.0000000e+000
  3.6390000e+001  9.7375844e+002  3.8000000e+000
  3.6430000e+001  9.7531941e+002  3.4100000e+000
  3.6490000e+001  9.7766088e+002  3.5200000e+000
  3.6590000e+001  9.8156436e+002  3.8600000e+000
  3.6630000e+001  9.8312624e+002  3.7100000e+000
  3.6690000e+001  9.8546906e+002  3.8400000e+000
  3.6790000e+001  9.8937377e+002  4.1600000e+000
  3.6830000e+001  9.9093565e+002  3.9200000e+000
  3.6890000e+001  9.9327844e+002  3.6900000e+000
  3.6990000e+001  9.9718088e+002  3.6400000e+000
  3.7030000e+001  9.9874185e+002  3.6400000e+000
  3.7090000e+001  1.0010847e+003  3.6200000e+000
  3.7130000e+001  1.0026475e+003  3.7000000e+000
  3.7130000e+001  1.0026475e+003  3.7400000e+000
  3.7190000e+001  1.0049917e+003  3.9300000e+000
  3.7290000e+001  1.0088974e+003  3.6500000e+000
  3.7390000e+001  1.0128021e+003  3.7900000e+000
  3.7490000e+001  1.0167068e+003  3.7600000e+000
  3.7590000e+001  1.0206112e+003  3.4200000e+000
  3.7690000e+001  1.0245137e+003  3.4000000e+000
  3.7790000e+001  1.0284170e+003  3.5400000e+000
  3.7890000e+001  1.0323217e+003  3.9100000e+000
  3.7990000e+001  1.0362264e+003  4.2000000e+000
  3.8090000e+001  1.0401311e+003  3.9300000e+000
  3.8190000e+001  1.0440359e+003  4.2500000e+000
  3.8290000e+001  1.0479400e+003  4.0900000e+000
  3.8390000e+001  1.0518424e+003  4.1000000e+000
  3.8490000e+001  1.0557461e+003  4.0800000e+000
  3.8690000e+001  1.0629197e+003  3.4600000e+000
  3.8790000e+001  1.0654561e+003  3.4900000e+000
  3.8890000e+001  1.0679573e+003  3.2900000e+000
  3.8990000e+001  1.0704575e+003  3.2100000e+000
  3.9090000e+001  1.0729575e+003  3.0600000e+000
  3.9190000e+001  1.0754553e+003  3.4900000e+000
  3.9290000e+001  1.0779518e+003  3.3900000e+000
  3.9390000e+001  1.0807576e+003  3.5500000e+000
  3.9490000e+001  1.0838771e+003  3.6600000e+000
  3.9590000e+001  1.0870049e+003  3.8600000e+000
  3.9690000e+001  1.0901213e+003  3.8100000e+000
  3.9890000e+001  1.0963673e+003  3.8200000e+000
  3.9990000e+001  1.0994934e+003  3.9000000e+000
  4.0090000e+001  1.1026160e+003  3.8800000e+000
  4.0190000e+001  1.1057392e+003  3.8700000e+000
  4.0290000e+001  1.1088623e+003  3.3900000e+000
  4.0390000e+001  1.1124438e+003  3.6100000e+000
  4.0490000e+001  1.1163485e+003  3.9600000e+000
  4.0590000e+001  1.1204814e+003  4.1400000e+000
  4.0690000e+001  1.1246487e+003  4.4400000e+000
  4.0790000e+001  1.1288138e+003  4.2300000e+000
  4.0890000e+001  1.1329734e+003  4.1500000e+000
  4.0990000e+001  1.1371406e+003  3.7700000e+000
  4.1090000e+001  1.1411228e+003  3.8900000e+000
  4.1190000e+001  1.1450275e+003  3.7300000e+000
  4.1290000e+001  1.1489300e+003  3.8700000e+000
  4.1390000e+001  1.1526265e+003  3.5700000e+000
  4.1490000e+001  1.1557527e+003  3.3600000e+000
  4.1590000e+001  1.1588759e+003  3.3000000e+000
  4.1690000e+001  1.1619991e+003  3.2700000e+000
  4.1790000e+001  1.1651216e+003  3.3500000e+000
  4.1890000e+001  1.1682478e+003  3.6100000e+000
  4.1990000e+001  1.1713672e+003  3.3700000e+000
  4.2090000e+001  1.1744936e+003  3.4400000e+000
  4.2190000e+001  1.1776100e+003  3.3800000e+000
  4.2290000e+001  1.1807379e+003  3.4700000e+000
  4.2390000e+001  1.1838574e+003  3.4300000e+000
  4.2490000e+001  1.1869823e+003  3.4600000e+000
  4.2590000e+001  1.1901053e+003  4.1000000e+000
  4.2690000e+001  1.1932300e+003  4.1300000e+000
  4.2790000e+001  1.1963532e+003  4.3500000e+000
  4.2890000e+001  1.1994764e+003  4.3700000e+000
  4.2990000e+001  1.2026002e+003  4.2400000e+000
  4.3090000e+001  1.2057255e+003  4.2200000e+000
  4.3190000e+001  1.2088490e+003  4.2100000e+000
  4.3290000e+001  1.2119698e+003  3.9000000e+000
  4.3390000e+001  1.2150953e+003  4.0500000e+000
  4.3430000e+001  1.2163418e+003  3.6400000e+000
  4.3630000e+001  1.2225913e+003  4.0400000e+000
  4.3730000e+001  1.2257143e+003  3.5800000e+000
  4.3830000e+001  1.2288376e+003  3.4100000e+000
  4.3930000e+001  1.2315200e+003  3.5300000e+000
  4.4030000e+001  1.2340200e+003  3.1400000e+000
  4.4130000e+001  1.2365181e+003  3.1100000e+000
  4.4230000e+001  1.2390146e+003  2.8000000e+000
  4.4330000e+001  1.2417660e+003  3.3400000e+000
  4.4430000e+001  1.2453085e+003  3.9700000e+000
  4.4730000e+001  1.2570224e+003  3.9300000e+000
  4.4830000e+001  1.2609249e+003  3.5600000e+000
  4.5030000e+001  1.2687329e+003  3.6800000e+000
  4.5230000e+001  1.2765423e+003  3.4700000e+000
  4.5330000e+001  1.2797175e+003  3.4800000e+000
  4.5430000e+001  1.2828407e+003  3.7400000e+000
  4.5530000e+001  1.2859626e+003  3.7400000e+000
  4.5630000e+001  1.2898062e+003  4.1500000e+000
  4.5730000e+001  1.2937109e+003  3.9500000e+000
  4.5830000e+001  1.2976156e+003  3.8700000e+000
  4.6030000e+001  1.3042659e+003  3.6900000e+000
  4.6130000e+001  1.3073890e+003  3.6800000e+000
  4.6230000e+001  1.3105122e+003  3.4600000e+000
  4.6330000e+001  1.3136372e+003  3.2800000e+000
  4.6430000e+001  1.3167616e+003  3.1700000e+000
  4.6530000e+001  1.3198848e+003  3.8200000e+000
  4.6630000e+001  1.3234694e+003  3.8800000e+000
  4.6730000e+001  1.3273741e+003  3.7400000e+000
  4.6830000e+001  1.3312768e+003  3.8400000e+000
  4.7330000e+001  1.3484592e+003  3.6300000e+000
  4.7430000e+001  1.3509546e+003  3.1500000e+000
  4.7530000e+001  1.3534525e+003  2.7800000e+000
  4.7630000e+001  1.3559525e+003  3.2200000e+000
  4.7730000e+001  1.3584530e+003  3.3900000e+000
  4.7830000e+001  1.3609541e+003  3.7600000e+000
  4.7930000e+001  1.3636115e+003  3.7500000e+000
  4.8030000e+001  1.3670345e+003  3.7900000e+000
  4.8130000e+001  1.3709393e+003  3.9800000e+000
  4.8330000e+001  1.3787487e+003  4.1700000e+000
  4.8430000e+001  1.3826512e+003  3.6500000e+000
  4.8530000e+001  1.3863790e+003  3.5200000e+000
  4.8630000e+001  1.3895058e+003  3.2600000e+000
  4.8730000e+001  1.3926243e+003  3.2500000e+000
  4.8830000e+001  1.3957513e+003  3.2000000e+000
  4.8930000e+001  1.3988699e+003  3.1200000e+000
  4.9030000e+001  1.4019967e+003  3.4200000e+000
  4.9130000e+001  1.4051188e+003  3.7600000e+000
  4.9230000e+001  1.4088444e+003  3.7700000e+000
  4.9330000e+001  1.4127469e+003  4.0400000e+000
  4.9430000e+001  1.4166517e+003  3.9700000e+000
  4.9530000e+001  1.4205564e+003  3.5400000e+000
  4.9630000e+001  1.4244611e+003  3.8700000e+000
  4.9730000e+001  1.4283644e+003  3.4900000e+000
  4.9830000e+001  1.4322668e+003  3.2700000e+000
  4.9930000e+001  1.4354810e+003  3.1400000e+000
  5.0070000e+001  1.4392329e+003  2.4800000e+000
  5.0170000e+001  1.4417282e+003  2.5800000e+000
  5.0270000e+001  1.4447565e+003  3.0000000e+000
  5.0470000e+001  1.4510058e+003  3.6900000e+000
  5.0670000e+001  1.4572521e+003  4.1500000e+000
  5.0770000e+001  1.4603725e+003  3.9600000e+000
  5.0870000e+001  1.4635007e+003  3.8900000e+000
  5.0970000e+001  1.4666171e+003  3.7700000e+000
  5.1070000e+001  1.4695925e+003  3.5300000e+000
  5.1170000e+001  1.4720925e+003  3.1400000e+000
  5.1270000e+001  1.4745921e+003  3.0900000e+000
  5.1370000e+001  1.4770874e+003  2.7700000e+000
  5.1470000e+001  1.4795828e+003  2.9800000e+000
  5.1570000e+001  1.4820836e+003  3.1600000e+000
  5.2270000e+001  1.5066978e+003  3.4900000e+000
  5.2370000e+001  1.5106025e+003  3.5200000e+000
  5.2470000e+001  1.5145072e+003  3.2100000e+000
  5.2570000e+001  1.5184105e+003  3.2400000e+000
  5.2670000e+001  1.5223129e+003  3.5700000e+000
  5.2770000e+001  1.5262174e+003  3.6900000e+000
  5.2870000e+001  1.5301221e+003  3.6800000e+000
  5.2970000e+001  1.5340268e+003  4.2100000e+000
  5.3070000e+001  1.5379315e+003  4.3400000e+000
  5.3200000e+001  1.5429883e+003  3.8800000e+000
  5.3300000e+001  1.5461111e+003  3.6500000e+000
  5.3500000e+001  1.5520854e+003  3.6700000e+000
  5.3600000e+001  1.5545808e+003  3.8000000e+000
  5.3700000e+001  1.5570775e+003  3.6900000e+000
  5.3800000e+001  1.5595775e+003  3.7000000e+000
  5.4000000e+001  1.5645735e+003  3.3800000e+000
  5.4100000e+001  1.5670700e+003  3.3400000e+000
  5.4300000e+001  1.5741906e+003  3.8700000e+000
  5.4500000e+001  1.5820000e+003  3.7200000e+000
  5.4600000e+001  1.5859032e+003  3.5200000e+000
  5.4800000e+001  1.5929602e+003  3.7400000e+000
  5.4900000e+001  1.5960841e+003  3.8000000e+000
  5.5000000e+001  1.5992073e+003  3.5600000e+000
  5.5100000e+001  1.6023305e+003  3.1900000e+000
  5.5200000e+001  1.6054551e+003  3.4000000e+000
  5.5300000e+001  1.6085785e+003  3.7100000e+000
  5.5400000e+001  1.6117031e+003  3.6700000e+000
  5.5500000e+001  1.6148228e+003  3.4200000e+000
  5.5600000e+001  1.6179508e+003  3.4300000e+000
  5.5700000e+001  1.6210672e+003  3.6700000e+000
  5.5800000e+001  1.6241936e+003  3.6200000e+000
  5.5900000e+001  1.6273126e+003  3.8800000e+000
  5.6000000e+001  1.6304391e+003  3.4500000e+000
  5.6100000e+001  1.6340526e+003  3.1800000e+000
  5.6200000e+001  1.6379573e+003  3.3200000e+000
  5.6300000e+001  1.6418620e+003  4.0700000e+000
  5.6400000e+001  1.6457668e+003  3.7700000e+000
  5.6500000e+001  1.6496715e+003  4.1800000e+000
  5.6600000e+001  1.6535751e+003  4.1300000e+000
  5.6700000e+001  1.6574776e+003  4.0000000e+000
  5.6800000e+001  1.6613817e+003  4.0700000e+000
  5.6900000e+001  1.6652730e+003  3.9100000e+000
  5.7000000e+001  1.6682902e+003  3.3500000e+000
  5.7200000e+001  1.6732925e+003  3.5900000e+000
  5.7300000e+001  1.6757925e+003  3.5000000e+000
  5.7600000e+001  1.6832860e+003  3.2400000e+000
  5.7700000e+001  1.6857850e+003  3.4600000e+000
  5.7800000e+001  1.6882850e+003  3.4000000e+000
  5.7900000e+001  1.6907824e+003  3.4400000e+000
  5.8000000e+001  1.6932778e+003  3.3800000e+000
  5.8100000e+001  1.6960295e+003  3.6600000e+000
  5.8200000e+001  1.6991534e+003  3.6600000e+000
  5.8300000e+001  1.7028035e+003  4.1800000e+000
  5.8500000e+001  1.7106129e+003  3.9100000e+000
  5.8600000e+001  1.7143306e+003  3.2100000e+000
  5.8700000e+001  1.7174555e+003  3.7400000e+000
  5.8704000e+001  1.7175801e+003  3.4300000e+000
  5.8804000e+001  1.7207033e+003  3.1500000e+000
  5.9100000e+001  1.7316863e+003  3.4200000e+000
  5.9300000e+001  1.7394939e+003  3.4400000e+000
  5.9500000e+001  1.7473012e+003  3.9000000e+000
  5.9600000e+001  1.7512059e+003  3.8000000e+000
  5.9700000e+001  1.7551106e+003  3.8400000e+000
  5.9820000e+001  1.7589150e+003  3.2300000e+000
  5.9900000e+001  1.7609150e+003  4.0300000e+000
  6.0000000e+001  1.7634096e+003  3.0300000e+000
  6.0100000e+001  1.7657513e+003  2.7800000e+000
  6.0200000e+001  1.7680925e+003  2.9200000e+000
  6.0300000e+001  1.7704328e+003  3.1700000e+000
  6.0400000e+001  1.7727739e+003  3.2100000e+000
  6.0500000e+001  1.7751156e+003  3.1600000e+000
  6.0600000e+001  1.7774623e+003  3.2000000e+000
  6.0700000e+001  1.7798089e+003  3.0300000e+000
  6.0800000e+001  1.7821506e+003  3.6300000e+000
  6.0900000e+001  1.7844916e+003  3.6600000e+000
  6.1000000e+001  1.7868320e+003  4.1800000e+000
  6.1100000e+001  1.7891732e+003  4.0000000e+000
  6.1200000e+001  1.7915149e+003  3.5900000e+000
  6.1400000e+001  1.7961994e+003  3.7500000e+000
  6.1500000e+001  1.7985455e+003  3.5200000e+000
  6.1600000e+001  1.8008892e+003  3.2900000e+000
  6.1700000e+001  1.8032308e+003  3.4300000e+000
  6.1800000e+001  1.8055725e+003  3.5100000e+000
  6.1900000e+001  1.8079142e+003  3.2300000e+000
  6.2000000e+001  1.8102558e+003  3.3900000e+000
  6.2090000e+001  1.8123629e+003  3.5300000e+000
  6.2200000e+001  1.8149373e+003  3.3000000e+000
  6.2400000e+001  1.8196298e+003  4.0000000e+000
  6.2500000e+001  1.8219718e+003  3.7100000e+000
  6.2600000e+001  1.8243132e+003  3.4800000e+000
  6.2700000e+001  1.8266535e+003  3.2900000e+000
  6.2900000e+001  1.8313361e+003  3.4900000e+000
  6.3000000e+001  1.8336778e+003  3.4600000e+000
  6.3100000e+001  1.8360197e+003  3.4400000e+000
  6.3200000e+001  1.8383672e+003  3.3900000e+000
  6.3300000e+001  1.8407123e+003  3.4900000e+000
  6.3500000e+001  1.8453937e+003  3.1500000e+000
  6.3600000e+001  1.8477354e+003  3.2900000e+000
  6.3700000e+001  1.8498482e+003  3.2700000e+000
  6.3800000e+001  1.8519319e+003  3.0300000e+000
  6.3900000e+001  1.8540132e+003  3.2100000e+000
  6.4000000e+001  1.8560892e+003  3.1000000e+000
  6.4100000e+001  1.8581728e+003  3.2600000e+000
  6.4200000e+001  1.8604430e+003  3.4800000e+000
  6.4320000e+001  1.8632542e+003  3.3600000e+000
  6.4400000e+001  1.8651322e+003  4.0700000e+000
  6.4500000e+001  1.8674776e+003  4.1000000e+000
  6.4600000e+001  1.8698179e+003  3.9000000e+000
  6.4700000e+001  1.8722456e+003  3.7900000e+000
  6.4800000e+001  1.8747421e+003  3.5800000e+000
  6.4900000e+001  1.8772400e+003  3.5600000e+000
  6.5120000e+001  1.8827405e+003  3.6100000e+000
  6.5200000e+001  1.8847415e+003  3.3700000e+000
  6.5300000e+001  1.8872420e+003  3.3100000e+000
  6.5400000e+001  1.8897374e+003  3.3300000e+000
  6.5500000e+001  1.8922327e+003  3.4700000e+000
  6.5600000e+001  1.8947325e+003  3.2800000e+000
  6.5700000e+001  1.8972325e+003  3.1500000e+000
  6.5820000e+001  1.9012996e+003  4.0300000e+000
  6.5900000e+001  1.9044234e+003  3.7800000e+000
  6.6000000e+001  1.9083281e+003  3.6100000e+000
  6.6040000e+001  1.9098899e+003  3.4000000e+000
  6.6100000e+001  1.9122328e+003  3.5300000e+000
  6.6140000e+001  1.9137939e+003  3.4700000e+000
  6.6240000e+001  1.9176963e+003  3.4900000e+000
  6.6540000e+001  1.9310136e+003  3.2700000e+000
  6.6640000e+001  1.9362617e+003  3.2400000e+000
  6.6840000e+001  1.9479990e+003  3.8200000e+000
  6.6940000e+001  1.9553677e+003  3.6500000e+000
  6.7440000e+001  1.9944140e+003  3.1200000e+000
  6.7640000e+001  2.0089877e+003  2.8300000e+000
  6.7740000e+001  2.0162766e+003  2.9100000e+000
  6.7840000e+001  2.0235655e+003  3.3200000e+000
  6.8140000e+001  2.0447039e+003  3.5500000e+000
  6.8240000e+001  2.0490173e+003  3.5800000e+000
  6.8440000e+001  2.0541325e+003  3.4600000e+000
  6.8540000e+001  2.0566294e+003  3.4300000e+000
  6.8740000e+001  2.0616231e+003  3.1800000e+000
  6.8840000e+001  2.0641243e+003  3.2900000e+000
  6.8940000e+001  2.0668430e+003  3.7300000e+000
  6.9140000e+001  2.0730920e+003  4.0400000e+000
  6.9240000e+001  2.0762151e+003  4.2100000e+000
  6.9340000e+001  2.0793410e+003  3.9400000e+000
  6.9640000e+001  2.0887109e+003  3.5700000e+000
  6.9840000e+001  2.0944849e+003  3.3400000e+000
  6.9940000e+001  2.0969814e+003  3.1000000e+000
  7.0140000e+001  2.1019800e+003  3.3100000e+000
  7.0240000e+001  2.1044805e+003  3.6400000e+000
  7.0540000e+001  2.1119765e+003  3.1400000e+000
  7.0740000e+001  2.1176850e+003  3.4300000e+000
  7.0940000e+001  2.1239335e+003  3.6400000e+000
  7.1040000e+001  2.1270576e+003  3.4800000e+000
  7.1140000e+001  2.1301808e+003  2.9800000e+000
  7.1340000e+001  2.1364284e+003  2.6100000e+000
  7.1440000e+001  2.1395527e+003  3.1100000e+000
  7.1540000e+001  2.1426766e+003  3.4400000e+000
  7.1740000e+001  2.1489250e+003  4.2000000e+000
  7.1840000e+001  2.1520414e+003  4.3200000e+000
  7.2040000e+001  2.1582859e+003  4.1100000e+000
  7.2140000e+001  2.1614131e+003  3.8300000e+000
  7.2240000e+001  2.1645349e+003  4.0500000e+000
  7.2420000e+001  2.1701589e+003  3.5500000e+000
  7.2520000e+001  2.1732843e+003  3.6200000e+000
  7.2820000e+001  2.1826569e+003  2.9800000e+000
  7.2920000e+001  2.1857733e+003  3.1200000e+000
  7.3020000e+001  2.1888997e+003  3.2500000e+000
  7.3120000e+001  2.1920165e+003  3.3900000e+000
  7.3220000e+001  2.1951447e+003  3.6600000e+000
  7.3320000e+001  2.1984747e+003  3.5500000e+000
  7.3420000e+001  2.2023795e+003  3.7600000e+000
  7.3520000e+001  2.2058548e+003  3.4600000e+000
  7.3720000e+001  2.2121016e+003  3.1800000e+000
  7.4120000e+001  2.2245973e+003  3.2300000e+000
  7.4220000e+001  2.2277205e+003  2.9400000e+000
  7.4320000e+001  2.2308441e+003  3.0700000e+000
  7.4420000e+001  2.2339694e+003  3.2800000e+000
  7.4520000e+001  2.2370931e+003  3.8000000e+000
  7.4620000e+001  2.2402145e+003  3.9900000e+000
  7.4720000e+001  2.2433421e+003  3.8000000e+000
  7.4820000e+001  2.2464605e+003  3.6000000e+000
  7.5220000e+001  2.2589515e+003  3.0100000e+000
  7.5320000e+001  2.2620756e+003  3.1600000e+000
  7.5520000e+001  2.2689046e+003  3.2200000e+000
  7.5620000e+001  2.2728093e+003  3.5600000e+000
  7.5720000e+001  2.2767140e+003  3.4800000e+000
  7.5820000e+001  2.2806180e+003  3.9300000e+000
  7.5920000e+001  2.2845205e+003  3.6100000e+000
  7.6020000e+001  2.2884243e+003  3.7700000e+000
  7.6120000e+001  2.2923290e+003  3.2000000e+000
  7.6220000e+001  2.2955594e+003  3.4400000e+000
  7.6320000e+001  2.2986846e+003  3.1100000e+000
  7.6420000e+001  2.3018088e+003  3.1400000e+000
  7.6520000e+001  2.3049320e+003  3.1600000e+000
  7.6620000e+001  2.3080551e+003  3.5400000e+000
  7.6720000e+001  2.3111794e+003  3.3800000e+000
  7.6820000e+001  2.3143041e+003  3.6700000e+000
  7.7120000e+001  2.3236764e+003  3.4300000e+000
  7.7220000e+001  2.3261930e+003  3.4500000e+000
  7.7320000e+001  2.3286884e+003  3.3800000e+000
  7.7420000e+001  2.3311875e+003  3.2100000e+000
  7.7520000e+001  2.3336875e+003  3.5800000e+000
  7.7620000e+001  2.3361852e+003  3.4200000e+000
  7.7720000e+001  2.3386817e+003  3.2800000e+000
  7.7820000e+001  2.3411800e+003  3.1100000e+000
  7.7920000e+001  2.3436800e+003  3.1000000e+000
  7.8020000e+001  2.3464019e+003  2.9400000e+000
  7.8120000e+001  2.3502514e+003  3.4700000e+000
  7.8320000e+001  2.3580580e+003  3.8000000e+000
  7.8420000e+001  2.3619616e+003  3.5300000e+000
  7.8520000e+001  2.3658663e+003  3.4200000e+000
  7.8820000e+001  2.3775780e+003  3.5100000e+000
  7.8920000e+001  2.3814812e+003  2.9200000e+000
  7.9120000e+001  2.3892906e+003  3.1900000e+000
  7.9220000e+001  2.3931953e+003  3.2200000e+000
  7.9320000e+001  2.3971000e+003  3.3200000e+000
  7.9420000e+001  2.4010044e+003  3.4400000e+000
  7.9520000e+001  2.4049068e+003  3.5600000e+000
  7.9620000e+001  2.4088103e+003  3.1200000e+000
  7.9820000e+001  2.4166197e+003  2.9300000e+000
  8.0020000e+001  2.4244291e+003  3.2500000e+000
  8.0040000e+001  2.4252100e+003  3.4500000e+000
  8.0140000e+001  2.4291137e+003  3.4300000e+000
  8.0240000e+001  2.4330161e+003  4.3900000e+000
  8.0340000e+001  2.4369202e+003  3.9600000e+000
  8.0420000e+001  2.4400440e+003  3.7200000e+000
  8.0640000e+001  2.4483941e+003  3.5100000e+000
  8.0740000e+001  2.4509669e+003  3.4500000e+000
  8.0940000e+001  2.4559625e+003  3.4100000e+000
  8.1040000e+001  2.4584625e+003  2.9000000e+000
  8.1140000e+001  2.4609632e+003  2.9400000e+000
  8.1240000e+001  2.4634643e+003  3.0200000e+000
  8.1340000e+001  2.4659630e+003  3.0500000e+000
  8.1440000e+001  2.4684584e+003  2.6800000e+000
  8.1540000e+001  2.4709550e+003  2.9700000e+000
  8.1740000e+001  2.4760302e+003  3.4500000e+000
  8.1840000e+001  2.4791546e+003  3.7200000e+000
  8.1940000e+001  2.4822790e+003  4.1100000e+000
  8.2040000e+001  2.4854028e+003  4.3100000e+000
  8.2340000e+001  2.4947677e+003  3.4200000e+000
  8.2440000e+001  2.4978941e+003  3.3300000e+000
  8.2540000e+001  2.5010121e+003  3.0600000e+000
  8.2640000e+001  2.5045448e+003  3.3000000e+000
  8.2740000e+001  2.5084495e+003  3.6000000e+000
  8.2940000e+001  2.5162550e+003  3.6800000e+000
  8.3040000e+001  2.5201598e+003  4.1600000e+000
  8.3140000e+001  2.5240645e+003  4.0500000e+000
  8.3340000e+001  2.5318739e+003  3.9800000e+000
  8.3540000e+001  2.5396812e+003  3.3900000e+000
  8.3740000e+001  2.5460850e+003  2.5300000e+000
  8.3940000e+001  2.5510829e+003  2.9200000e+000
  8.4040000e+001  2.5535794e+003  2.9700000e+000
  8.4140000e+001  2.5563648e+003  3.2000000e+000
  8.4340000e+001  2.5626113e+003  3.2300000e+000
  8.4640000e+001  2.5719836e+003  3.0700000e+000
  8.4940000e+001  2.5798362e+003  2.9500000e+000
  8.5010000e+001  2.5815830e+003  2.6800000e+000
  8.5140000e+001  2.5848275e+003  2.8900000e+000
  8.5240000e+001  2.5873275e+003  2.8200000e+000
  8.5340000e+001  2.5898275e+003  3.0100000e+000
  8.5540000e+001  2.5972628e+003  3.5800000e+000
  8.5840000e+001  2.6089744e+003  3.6600000e+000
  8.5940000e+001  2.6128777e+003  3.5100000e+000
  8.6040000e+001  2.6167824e+003  3.4700000e+000
  8.6140000e+001  2.6206871e+003  3.1700000e+000
  8.6290000e+001  2.6262000e+003  3.2300000e+000
  8.6390000e+001  2.6286965e+003  2.7700000e+000
  8.6510000e+001  2.6316925e+003  3.4300000e+000
  8.6610000e+001  2.6341925e+003  3.4100000e+000
  8.6710000e+001  2.6366925e+003  3.5400000e+000
  8.6810000e+001  2.6391893e+003  3.5200000e+000
  8.7010000e+001  2.6441850e+003  4.1800000e+000
  8.7110000e+001  2.6466850e+003  4.3100000e+000
  8.7410000e+001  2.6571681e+003  3.1600000e+000
  8.7510000e+001  2.6610728e+003  3.2300000e+000
  8.7610000e+001  2.6649775e+003  3.4000000e+000
  8.7710000e+001  2.6688822e+003  3.6000000e+000
  8.7910000e+001  2.6766880e+003  3.4300000e+000
  8.7810000e+001  2.6727856e+003  3.2500000e+000
  8.8010000e+001  2.6799274e+003  3.5300000e+000
  8.8110000e+001  2.6830438e+003  3.5700000e+000
  8.8210000e+001  2.6861702e+003  3.8800000e+000
  8.8310000e+001  2.6890350e+003  4.0100000e+000
  8.8410000e+001  2.6915350e+003  4.2300000e+000
  8.8510000e+001  2.6940341e+003  4.2300000e+000
  8.8610000e+001  2.6965306e+003  3.8800000e+000
  8.8710000e+001  2.6990275e+003  3.7700000e+000
  8.8810000e+001  2.7015275e+003  3.6600000e+000
  8.8910000e+001  2.7040275e+003  3.8300000e+000
  8.9010000e+001  2.7065230e+003  3.8400000e+000
  8.9110000e+001  2.7090184e+003  3.8800000e+000
  8.9210000e+001  2.7115184e+003  4.1000000e+000
  8.9310000e+001  2.7140196e+003  4.3400000e+000
  8.9410000e+001  2.7165200e+003  4.0700000e+000
  8.9510000e+001  2.7190200e+003  4.3600000e+000
  8.9710000e+001  2.7240148e+003  4.1500000e+000
  8.9910000e+001  2.7299020e+003  3.7000000e+000
  9.0010000e+001  2.7338044e+003  3.4500000e+000
  9.0110000e+001  2.7377076e+003  2.9500000e+000
  9.0310000e+001  2.7455170e+003  3.0800000e+000
  9.0510000e+001  2.7533244e+003  3.5500000e+000
  9.0810000e+001  2.7650366e+003  3.3200000e+000
  9.1210000e+001  2.7798672e+003  3.1100000e+000
  9.1310000e+001  2.7829868e+003  2.7500000e+000
  9.1410000e+001  2.7861100e+003  2.7500000e+000
  9.1510000e+001  2.7892353e+003  2.5100000e+000
  9.1590000e+001  2.7917362e+003  3.3800000e+000
  9.1690000e+001  2.7948593e+003  3.2600000e+000
  9.1790000e+001  2.7979813e+003  3.5200000e+000
  9.1890000e+001  2.8011088e+003  3.6500000e+000
  9.1990000e+001  2.8042267e+003  4.1300000e+000
  9.2090000e+001  2.8073538e+003  3.9200000e+000
  9.2190000e+001  2.8104723e+003  3.9200000e+000
  9.2290000e+001  2.8140865e+003  3.8300000e+000
  9.2390000e+001  2.8179912e+003  3.7100000e+000
  9.2490000e+001  2.8218960e+003  3.4500000e+000
  9.2590000e+001  2.8258002e+003  3.2300000e+000
  9.2690000e+001  2.8297027e+003  3.1300000e+000
  9.2790000e+001  2.8336062e+003  3.0900000e+000
  9.2890000e+001  2.8375109e+003  3.3500000e+000
  9.2990000e+001  2.8414156e+003  3.6200000e+000
  9.3190000e+001  2.8492250e+003  3.6900000e+000
  9.3290000e+001  2.8531290e+003  3.6900000e+000
  9.3370000e+001  2.8562510e+003  3.0900000e+000
  9.3590000e+001  2.8648399e+003  3.6400000e+000
  9.3890000e+001  2.8743240e+003  3.9300000e+000
  9.3990000e+001  2.8774408e+003  3.4400000e+000
  9.4090000e+001  2.8805690e+003  3.6900000e+000
  9.4190000e+001  2.8836902e+003  3.8100000e+000
  9.4290000e+001  2.8868134e+003  3.6000000e+000
  9.4390000e+001  2.8899366e+003  3.7000000e+000
  9.4490000e+001  2.8932578e+003  3.5900000e+000
  9.4590000e+001  2.8971602e+003  3.3200000e+000
  9.4690000e+001  2.9010639e+003  3.1900000e+000
  9.4790000e+001  2.9049686e+003  3.3800000e+000
  9.4890000e+001  2.9088733e+003  3.4500000e+000
  9.4990000e+001  2.9127780e+003  3.3400000e+000
  9.5090000e+001  2.9166827e+003  3.2900000e+000
  9.5190000e+001  2.9205866e+003  3.5300000e+000
  9.5290000e+001  2.9244890e+003  3.7700000e+000
  9.5390000e+001  2.9283929e+003  3.8200000e+000
  9.5490000e+001  2.9322976e+003  3.8700000e+000
  9.5590000e+001  2.9362023e+003  3.4500000e+000
  9.5690000e+001  2.9401066e+003  3.2700000e+000
  9.5790000e+001  2.9440090e+003  3.1200000e+000
  9.5890000e+001  2.9479125e+003  3.0600000e+000
  9.5970000e+001  2.9510363e+003  2.9700000e+000
  9.6190000e+001  2.9596267e+003  3.2600000e+000
  9.6290000e+001  2.9635314e+003  3.1400000e+000
  9.6390000e+001  2.9674354e+003  3.5700000e+000
  9.6490000e+001  2.9713378e+003  3.6400000e+000
  9.6690000e+001  2.9791463e+003  3.7500000e+000
  9.6790000e+001  2.9830510e+003  3.5400000e+000
  9.6890000e+001  2.9869554e+003  3.2800000e+000
  9.6990000e+001  2.9908578e+003  3.1900000e+000
  9.7090000e+001  2.9947612e+003  3.3700000e+000
  9.7190000e+001  2.9986659e+003  3.7300000e+000
  9.7310000e+001  3.0033516e+003  3.6000000e+000
  9.7390000e+001  3.0064753e+003  3.6300000e+000
  9.7490000e+001  3.0103800e+003  3.5200000e+000
  9.7590000e+001  3.0142841e+003  3.3900000e+000
  9.7570000e+001  3.0135037e+003  3.3200000e+000
  9.7770000e+001  3.0213093e+003  3.0400000e+000
  9.7870000e+001  3.0252140e+003  3.1600000e+000
  9.7970000e+001  3.0291187e+003  3.0400000e+000
  9.8190000e+001  3.0377066e+003  3.1500000e+000
  9.8390000e+001  3.0444367e+003  3.1400000e+000
  9.8490000e+001  3.0475605e+003  3.4100000e+000
  9.8590000e+001  3.0506837e+003  3.4800000e+000
  9.8790000e+001  3.0569316e+003  3.4000000e+000
  9.9290000e+001  3.0725429e+003  3.2900000e+000
  9.9390000e+001  3.0756697e+003  3.3400000e+000
  9.9490000e+001  3.0787891e+003  2.9100000e+000
  9.9530000e+001  3.0800419e+003  2.9800000e+000
  9.9630000e+001  3.0831680e+003  2.6400000e+000
  9.9730000e+001  3.0862867e+003  3.1200000e+000
  9.9830000e+001  3.0894142e+003  3.4600000e+000
  9.9930000e+001  3.0925307e+003  3.4200000e+000
  1.0003000e+002  3.0956695e+003  3.3300000e+000
  1.0013000e+002  3.0987926e+003  3.4800000e+000
  1.0023000e+002  3.1018891e+003  3.2300000e+000
  1.0043000e+002  3.1081402e+003  3.4200000e+000
  1.0073000e+002  3.1175191e+003  3.3700000e+000
  1.0083000e+002  3.1206444e+003  3.3500000e+000
  1.0093000e+002  3.1237716e+003  3.4300000e+000
  1.0103000e+002  3.1268935e+003  3.4900000e+000
  1.0113000e+002  3.1300230e+003  3.3900000e+000
  1.0123000e+002  3.1331426e+003  3.5100000e+000
  1.0133000e+002  3.1362721e+003  3.6000000e+000
  1.0143000e+002  3.1400256e+003  3.6500000e+000
  1.0153000e+002  3.1439308e+003  3.7100000e+000
  1.0163000e+002  3.1478151e+003  3.2700000e+000
  1.0173000e+002  3.1517074e+003  2.9800000e+000
  1.0179000e+002  3.1540516e+003  3.0100000e+000
  1.0209000e+002  3.1657726e+003  3.2800000e+000
  1.0229000e+002  3.1735865e+003  3.3800000e+000
  1.0239000e+002  3.1774935e+003  3.5300000e+000
  1.0249000e+002  3.1814005e+003  3.1500000e+000
  1.0279000e+002  3.1931072e+003  3.0800000e+000
  1.0289000e+002  3.1969916e+003  3.0700000e+000
  1.0299000e+002  3.2008963e+003  3.3700000e+000
  1.0309000e+002  3.2048033e+003  3.2600000e+000
  1.0339000e+002  3.2165242e+003  3.0800000e+000
  1.0349000e+002  3.2204312e+003  3.1000000e+000
  1.0359000e+002  3.2243223e+003  3.1100000e+000
  1.0369000e+002  3.2274423e+003  3.1800000e+000
  1.0379000e+002  3.2305719e+003  3.1700000e+000
  1.0389000e+002  3.2336914e+003  3.3600000e+000
  1.0399000e+002  3.2368209e+003  3.7300000e+000
  1.0409000e+002  3.2399437e+003  2.9800000e+000
  1.0419000e+002  3.2430700e+003  3.3300000e+000
  1.0427000e+002  3.2455468e+003  2.8300000e+000
  1.0459000e+002  3.2555440e+003  3.2200000e+000
  1.0479000e+002  3.2617958e+003  3.4400000e+000
  1.0489000e+002  3.2649228e+003  3.3800000e+000
  1.0499000e+002  3.2680449e+003  3.3500000e+000
  1.0509000e+002  3.2711744e+003  3.2800000e+000
  1.0519000e+002  3.2742940e+003  3.3100000e+000
  1.0539000e+002  3.2805442e+003  3.2700000e+000
  1.0549000e+002  3.2836726e+003  3.1900000e+000
  1.0559000e+002  3.2867805e+003  3.6000000e+000
  1.0569000e+002  3.2898919e+003  3.6000000e+000
  1.0579000e+002  3.2930181e+003  4.0900000e+000
  1.0589000e+002  3.2961444e+003  4.0000000e+000
  1.0599000e+002  3.2992707e+003  4.0900000e+000
  1.0609000e+002  3.3023970e+003  3.8500000e+000
  1.0619000e+002  3.3055233e+003  3.8400000e+000
  1.0629000e+002  3.3092484e+003  3.8800000e+000
  1.0669000e+002  3.3248763e+003  3.0800000e+000
  1.0679000e+002  3.3287833e+003  3.3000000e+000
  1.0689000e+002  3.3326902e+003  3.3000000e+000
  1.0719000e+002  3.3443721e+003  3.3200000e+000
  1.0729000e+002  3.3482791e+003  3.2500000e+000
  1.0749000e+002  3.3560930e+003  3.1300000e+000
  1.0759000e+002  3.3600000e+003  3.1200000e+000
